7-1-2021,18.14,Mirage,3,11,852,19
3-1-2020,21.61,Mad Maggie,5,4,633,2
23-6-2021,22.56,Mad Maggie,5,7,982,15
19-12-2019,22.22,Bloodhound,12,2,2172,4
11-1-2020,28.91,Mirage,18,16,2224,19
7-2-2020,23.44,Crypto,2,7,659,17
17-4-2021,22.89,Gibraltar,7,2,1920,9
27-5-2021,4.38,Gibraltar,0,2,206,13
20-12-2022,25.68,Rampart,10,17,5594,9
20-8-2021,3.1,Revenant,1,0,194,7
9-7-2021,4.36,Mad Maggie,0,14,1851,20
15-3-2020,23.64,Revenant,4,5,1589,6
25-7-2019,19.04,Bloodhound,10,1,1095,6
12-4-2021,28.08,Caustic,4,3,582,10
30-12-2019,6.29,Wattson,6,1,1071,16
13-8-2022,10.51,Crypto,4,5,1678,12
31-3-2021,0.47,Octane,0,3,374,5
30-5-2022,8.47,Valkyrie,12,2,2173,13
5-8-2020,22.76,Pathfinder,15,11,2859,2
17-8-2021,9.72,Lifeline,5,2,838,3
27-3-2019,6.34,Valkyrie,9,9,3126,13
15-11-2022,19.69,Caustic,3,15,2403,17
14-3-2021,13.42,Mad Maggie,7,2,1206,8
4-5-2022,4.48,Caustic,0,3,343,2
15-8-2021,26.43,Pathfinder,14,7,4096,20
8-8-2021,23.32,Rampart,2,20,3543,11
16-1-2020,23.29,Lifeline,10,5,3174,16
7-9-2022,29.83,Wattson,7,7,1942,9
14-10-2021,5.03,Wattson,0,12,1438,16
15-9-2021,1.94,Crypto,6,12,2092,10
2-6-2022,5.91,Bangalore,6,1,1408,6
9-4-2020,19.97,Revenant,2,4,659,2
25-5-2020,26.4,Octane,6,4,627,3
2-11-2021,7.43,Valkyrie,7,4,610,18
16-7-2020,7.72,Gibraltar,2,8,1821,16
27-5-2022,29.58,Mad Maggie,4,12,2909,19
1-1-2021,20.06,Bangalore,14,5,3867,14
21-6-2020,6.31,Bloodhound,1,7,1252,4
8-10-2021,20.64,Mad Maggie,14,5,4137,8
15-3-2021,13.27,Lifeline,4,4,772,18
6-12-2021,11.52,Fuse,1,1,279,5
12-4-2020,22.71,Ash,2,18,1879,3
2-6-2021,1.66,Valkyrie,1,5,865,4
23-4-2021,0.21,Valkyrie,2,8,1132,4
28-10-2021,24.4,Gibraltar,15,2,2493,19
27-6-2020,10.83,Gibraltar,6,1,636,8
24-2-2019,3.42,Bloodhound,6,1,1073,6
3-12-2019,27.09,Caustic,6,3,1272,10
29-6-2021,7.78,Crypto,3,7,1123,16
29-12-2020,14.92,Pathfinder,2,8,1942,14
25-8-2021,9.21,Ash,0,3,351,6
12-1-2021,6.88,Mad Maggie,9,2,2450,9
17-8-2020,9.95,Revenant,2,0,164,9
6-11-2022,2.11,Lifeline,1,8,1637,8
19-3-2019,19.03,Lifeline,6,5,1895,3
4-6-2022,2.16,Wraith,4,4,1409,4
27-9-2019,25.17,Wraith,2,9,1206,2
17-2-2022,0.97,Mirage,6,2,1806,4
10-3-2021,8.87,Mirage,1,0,182,14
15-2-2019,27.14,Crypto,2,3,481,11
29-7-2022,4.11,Bangalore,9,11,1606,14
17-10-2022,28.79,Wattson,12,18,4341,10
21-12-2022,13.64,Wraith,2,15,1012,12
4-9-2021,3.11,Lifeline,10,9,1522,19
24-9-2021,15.79,Caustic,2,14,989,20
8-6-2021,21.17,Caustic,4,19,3278,6
28-7-2021,28.97,Wattson,3,12,2468,7
1-11-2021,29.46,Gibraltar,2,4,311,4
20-8-2019,0.99,Fuse,0,12,2157,4
4-8-2021,8.52,Octane,10,6,1154,8
11-3-2019,1.56,Bangalore,8,2,1421,14
28-9-2019,23.39,Fuse,6,7,2052,6
30-4-2021,4.25,Gibraltar,14,5,1890,3
9-12-2022,21.45,Valkyrie,7,6,951,16
7-4-2019,22.99,Fuse,18,2,3910,12
14-5-2022,23.59,Mirage,20,2,2991,6
23-3-2020,16.12,Bloodhound,2,2,790,4
7-10-2020,20.19,Mirage,4,6,1710,18
8-12-2022,17.5,Octane,1,4,833,19
15-8-2022,16.57,Octane,7,2,1843,3
6-11-2021,2.95,Bloodhound,1,4,378,5
31-1-2022,28.98,Bangalore,2,4,873,19
7-8-2020,25.32,Pathfinder,8,9,2497,4
14-4-2020,29.63,Wattson,2,4,1159,6
5-11-2019,4.58,Octane,2,1,447,14
12-5-2022,12.71,Crypto,3,1,660,3
27-9-2022,3.77,Rampart,0,2,353,12
11-5-2022,18.05,Mirage,4,12,2192,8
21-8-2020,0.66,Octane,3,3,679,8
11-11-2020,2.49,Bloodhound,14,0,1646,14
26-10-2022,28.57,Caustic,3,3,396,7
23-2-2020,5.21,Revenant,5,0,408,5
27-11-2019,20.69,Gibraltar,2,2,859,2
1-5-2019,12.52,Crypto,15,4,1720,19
14-10-2019,27.7,Wattson,3,2,815,8
4-7-2019,10.63,Pathfinder,4,10,2132,7
25-8-2020,22.75,Revenant,15,2,2319,1
15-2-2019,24.96,Octane,2,4,546,1
9-10-2019,6.98,Revenant,1,1,124,3
30-5-2019,15.99,Mirage,11,2,797,7
20-7-2022,0.64,Octane,1,1,123,17
7-4-2022,4.99,Fuse,8,12,2251,14
7-6-2019,25.19,Mirage,4,5,1590,18
25-5-2019,3.08,Valkyrie,0,1,106,4
12-11-2020,28.8,Rampart,2,6,1558,10
9-8-2019,26.51,Wattson,11,4,2114,11
14-7-2019,12.71,Revenant,7,19,1852,19
16-4-2021,22.9,Wraith,6,2,1276,3
21-8-2021,23.24,Pathfinder,6,3,1202,6
13-2-2020,1.26,Revenant,2,12,2694,8
23-1-2022,23.44,Bangalore,6,5,1897,13
28-2-2020,8.37,Caustic,14,2,3045,13
31-12-2020,4.16,Caustic,5,9,1697,19
17-11-2020,5.11,Fuse,8,0,948,19
9-12-2021,25.99,Fuse,2,15,3200,16
13-6-2021,28.55,Ash,4,3,597,6
3-6-2021,9.87,Mirage,0,1,116,20
16-6-2021,16.63,Valkyrie,5,9,1488,11
4-6-2021,12.86,Gibraltar,16,2,1224,8
1-9-2021,25.73,Revenant,5,3,656,17
4-6-2020,22.61,Mirage,4,2,738,20
20-12-2019,0.14,Wraith,3,0,682,14
4-1-2021,16.58,Valkyrie,3,6,1693,1
27-8-2020,15.78,Ash,4,7,1106,4
18-10-2022,15.26,Bangalore,2,6,1553,4
4-2-2022,19.15,Lifeline,15,2,3321,9
6-3-2019,19.02,Fuse,18,2,4502,7
4-2-2022,4.0,Mirage,0,5,770,1
11-11-2020,3.81,Pathfinder,9,1,1102,6
9-3-2022,0.7,Wraith,0,3,558,2
30-10-2022,19.43,Mirage,17,5,2374,5
28-4-2022,12.34,Wraith,5,2,1460,12
22-5-2020,22.97,Gibraltar,4,2,660,13
9-10-2020,0.98,Lifeline,13,0,3071,14
11-8-2021,3.69,Mirage,3,3,972,4
12-5-2020,29.05,Valkyrie,3,9,1884,8
31-1-2021,19.39,Bloodhound,5,4,1516,15
23-1-2021,8.49,Revenant,0,1,54,2
8-11-2022,0.25,Pathfinder,0,0,0,10
26-9-2022,9.23,Bloodhound,4,1,642,18
28-3-2019,12.39,Pathfinder,2,2,295,10
13-12-2021,20.7,Crypto,5,2,807,18
28-12-2021,19.72,Pathfinder,16,11,3007,20
5-8-2019,2.55,Mad Maggie,4,7,1138,15
11-2-2021,28.53,Wattson,4,12,3099,19
23-8-2022,22.52,Pathfinder,11,9,3099,12
27-6-2020,1.39,Pathfinder,7,8,1073,17
30-8-2020,1.43,Wraith,1,0,191,17
20-5-2020,10.89,Ash,2,11,1147,10
6-11-2021,24.82,Bangalore,7,2,1996,8
3-11-2020,27.22,Mirage,11,2,2716,11
21-4-2022,12.9,Crypto,12,1,2210,1
15-9-2020,12.41,Mirage,6,3,1009,18
23-11-2021,13.49,Ash,18,1,1081,13
3-4-2021,16.95,Octane,2,2,768,9
16-10-2022,13.13,Bloodhound,17,1,2199,14
17-6-2021,7.94,Bangalore,3,4,373,18
5-7-2022,0.44,Wraith,7,3,1526,12
27-3-2020,29.07,Fuse,2,21,2873,15
4-6-2019,4.87,Valkyrie,1,5,587,7
19-5-2021,0.32,Ash,3,10,1570,20
27-6-2021,21.59,Bloodhound,3,2,1064,18
22-1-2022,1.83,Octane,1,4,968,2
3-7-2019,14.88,Revenant,6,3,1786,15
5-8-2019,12.05,Mad Maggie,9,1,973,14
1-8-2019,20.0,Fuse,2,12,2500,18
29-9-2021,16.89,Ash,9,7,3401,12
1-6-2022,18.39,Rampart,2,1,185,17
3-7-2019,26.94,Caustic,18,3,3260,19
8-11-2022,27.03,Octane,6,9,1865,11
11-6-2021,24.48,Mad Maggie,13,8,4287,19
28-8-2022,11.01,Wraith,11,8,3559,1
18-1-2020,4.23,Pathfinder,2,8,576,3
5-9-2019,0.39,Crypto,6,5,1801,10
24-7-2022,6.84,Mirage,9,8,3004,6
29-11-2022,19.17,Mad Maggie,18,7,3827,14
18-10-2019,15.08,Bloodhound,8,6,1008,1
1-5-2019,23.14,Octane,2,4,966,4
18-10-2022,14.16,Ash,1,1,443,11
12-2-2021,20.93,Rampart,4,16,2790,4
16-4-2020,25.24,Octane,2,8,1225,10
17-2-2021,5.65,Lifeline,1,0,150,15
29-9-2022,12.6,Wraith,3,2,714,20
13-6-2021,8.42,Crypto,1,5,857,17
27-4-2020,7.32,Bangalore,3,9,2067,13
9-6-2019,26.15,Revenant,2,2,426,18
5-10-2019,25.96,Crypto,15,3,1858,3
26-2-2019,13.4,Lifeline,12,9,1473,17
8-9-2020,21.29,Wraith,12,5,3369,11
20-8-2020,14.47,Valkyrie,2,13,736,17
28-5-2019,2.72,Bangalore,1,8,1236,19
13-2-2022,22.49,Octane,2,4,760,17
27-3-2022,4.64,Mirage,5,1,1072,2
11-9-2021,15.23,Crypto,3,4,1426,7
30-6-2020,27.1,Bloodhound,4,3,967,1
29-12-2020,11.53,Bloodhound,2,10,1602,9
22-7-2019,13.16,Revenant,10,3,2074,18
28-6-2021,4.25,Lifeline,4,5,871,19
21-11-2022,2.06,Revenant,3,6,754,17
7-9-2021,14.31,Pathfinder,9,2,2132,15
15-6-2020,2.28,Lifeline,1,11,1268,19
7-5-2022,12.06,Valkyrie,3,8,740,13
9-2-2022,5.25,Gibraltar,9,3,1707,19
13-5-2022,11.65,Fuse,6,3,829,16
9-11-2019,27.05,Octane,2,12,1258,7
9-10-2022,26.47,Lifeline,4,5,1106,6
9-2-2022,9.74,Revenant,2,3,573,4
8-9-2019,19.78,Crypto,8,4,1584,8
23-10-2019,6.7,Caustic,8,5,1476,6
1-4-2021,27.93,Caustic,17,4,2625,5
27-11-2019,0.49,Lifeline,0,9,1213,7
30-5-2021,4.13,Valkyrie,0,4,308,14
24-9-2021,4.47,Mad Maggie,2,7,491,6
16-3-2021,4.53,Fuse,1,0,194,12
30-11-2019,5.55,Rampart,0,3,397,18
13-9-2019,15.9,Bangalore,2,3,478,7
31-10-2020,17.09,Valkyrie,15,2,1500,18
17-2-2022,26.98,Octane,12,7,1368,20
24-9-2022,29.35,Crypto,9,8,908,13
17-2-2020,14.33,Valkyrie,12,2,952,10
15-6-2020,5.25,Lifeline,10,4,1767,2
17-4-2022,7.22,Ash,3,6,774,3
14-8-2020,8.24,Ash,6,4,1522,12
21-2-2021,22.44,Gibraltar,2,3,843,6
7-10-2019,2.04,Octane,3,5,1181,3
25-7-2022,9.98,Mirage,11,1,1956,10
16-4-2021,15.46,Bloodhound,20,4,2663,14
16-6-2020,19.1,Crypto,6,5,1964,3
2-6-2019,22.3,Fuse,9,6,1138,20
13-7-2021,12.31,Lifeline,1,17,1641,17
24-2-2021,26.75,Ash,2,3,348,7
16-9-2021,24.8,Mirage,2,2,493,17
1-7-2020,25.57,Gibraltar,3,17,2620,17
14-4-2022,5.09,Octane,3,1,499,9
24-12-2019,20.67,Wraith,4,8,779,16
19-12-2020,21.42,Lifeline,5,20,3803,3
14-7-2020,19.93,Crypto,2,1,514,7
8-2-2020,24.5,Wraith,5,2,877,3
11-2-2019,10.66,Fuse,13,5,1166,14
1-7-2021,1.86,Fuse,8,8,2910,15
23-6-2021,26.96,Caustic,3,6,1399,1
16-6-2021,27.72,Mirage,10,3,1377,2
15-3-2021,25.76,Wattson,5,16,4190,13
1-2-2022,3.53,Bangalore,13,10,1488,4
10-11-2019,11.77,Mad Maggie,1,2,191,4
21-3-2022,14.4,Rampart,1,2,614,2
22-6-2021,13.18,Revenant,2,7,1246,11
20-6-2020,3.63,Octane,4,9,1727,10
14-11-2019,15.1,Gibraltar,3,11,2667,8
10-11-2021,26.31,Wattson,2,3,668,9
2-7-2019,25.31,Rampart,2,3,390,1
22-10-2019,22.97,Fuse,4,6,1931,5
22-11-2019,29.4,Revenant,9,6,3018,15
25-3-2019,11.73,Mirage,7,12,1383,5
20-3-2020,12.8,Crypto,5,2,1437,2
9-9-2022,17.86,Ash,15,3,3468,17
25-6-2019,12.93,Octane,4,4,1084,2
21-3-2020,10.27,Fuse,5,6,2292,9
8-11-2022,21.97,Bangalore,2,8,1731,13
6-2-2020,17.04,Crypto,7,1,1616,4
15-9-2020,10.55,Bloodhound,4,3,445,18
21-11-2022,29.19,Wattson,11,3,1442,12
14-7-2021,25.77,Octane,10,4,2027,3
30-10-2019,28.14,Gibraltar,14,16,4375,4
6-7-2020,11.5,Wraith,8,12,2148,15
21-1-2021,28.54,Crypto,11,6,2209,4
19-12-2022,20.02,Caustic,12,2,2055,13
18-11-2021,7.56,Revenant,6,0,1098,6
12-5-2020,17.19,Bangalore,2,4,408,9
11-7-2021,29.86,Crypto,13,2,2100,3
1-6-2019,24.62,Wraith,7,5,1109,17
3-9-2019,18.09,Pathfinder,4,9,1595,9
28-4-2021,29.86,Valkyrie,2,7,919,7
24-5-2019,16.29,Bloodhound,14,16,5244,13
24-1-2022,4.72,Lifeline,4,1,373,13
9-5-2022,1.52,Rampart,2,7,901,20
17-5-2022,4.29,Pathfinder,15,1,1022,19
22-1-2021,21.04,Mad Maggie,11,4,1692,20
11-8-2019,19.89,Lifeline,4,9,2076,1
16-2-2019,14.41,Ash,4,2,1138,12
8-8-2021,6.29,Wattson,18,0,1156,9
25-5-2019,28.98,Lifeline,11,2,1641,17
13-9-2020,3.33,Valkyrie,14,0,2384,14
17-2-2022,9.4,Fuse,8,6,2299,2
27-3-2021,28.66,Mad Maggie,10,2,2356,5
19-12-2022,11.66,Mirage,5,6,690,13
7-1-2022,6.62,Bangalore,1,9,952,2
27-2-2022,4.61,Mad Maggie,4,3,619,4
25-7-2019,24.87,Gibraltar,14,3,2563,19
27-3-2020,16.24,Gibraltar,1,4,559,1
16-9-2020,20.59,Fuse,8,3,1714,7
7-9-2019,9.79,Bloodhound,0,3,260,8
18-7-2020,26.09,Bloodhound,9,9,2318,4
31-7-2020,3.91,Caustic,0,2,149,1
10-7-2020,8.72,Wraith,16,7,4252,4
14-6-2021,9.54,Bangalore,4,5,1262,6
21-9-2019,29.29,Bloodhound,2,3,396,1
15-10-2019,4.97,Bangalore,2,4,807,16
8-2-2020,0.02,Fuse,13,8,3229,9
6-1-2022,5.1,Bangalore,1,4,688,9
31-1-2020,28.02,Rampart,11,2,1967,3
15-12-2019,2.12,Ash,3,4,897,1
12-7-2021,7.28,Octane,12,2,1795,8
10-11-2021,23.18,Lifeline,2,11,982,12
5-8-2022,24.36,Crypto,3,7,1470,13
10-9-2019,9.81,Valkyrie,6,3,1311,13
13-1-2020,17.06,Bloodhound,2,5,632,1
18-9-2020,22.05,Wraith,5,2,1244,20
19-1-2022,5.06,Valkyrie,16,6,3223,6
11-10-2019,12.19,Caustic,3,2,944,16
23-11-2021,13.02,Octane,14,4,2309,10
7-3-2021,18.31,Pathfinder,4,11,1146,9
20-4-2021,19.77,Octane,1,5,992,15
28-9-2022,23.43,Gibraltar,9,8,1064,4
25-3-2019,15.89,Octane,2,8,1341,7
23-12-2022,27.61,Octane,3,9,1244,7
13-8-2022,3.71,Pathfinder,1,1,116,9
29-9-2019,0.85,Crypto,0,0,0,16
8-3-2020,3.61,Pathfinder,1,9,680,16
13-8-2019,29.48,Octane,5,4,1896,13
22-8-2022,8.13,Wraith,10,1,760,1
12-1-2022,7.55,Bangalore,9,6,2325,2
1-1-2021,14.31,Mirage,8,6,2648,9
27-10-2020,20.81,Gibraltar,4,4,1184,9
4-10-2020,19.57,Valkyrie,5,3,626,11
25-8-2021,12.02,Bloodhound,8,12,3820,16
14-5-2020,20.07,Rampart,2,10,1736,18
30-12-2022,1.43,Ash,10,0,1230,12
20-6-2022,24.51,Wraith,3,2,620,3
24-7-2020,13.43,Gibraltar,13,5,1253,15
17-1-2020,19.29,Caustic,1,2,183,16
18-4-2021,22.97,Octane,8,14,1789,1
10-12-2019,12.18,Rampart,4,10,1689,19
6-3-2022,24.13,Pathfinder,10,3,763,11
3-3-2020,3.5,Gibraltar,13,1,1927,11
27-3-2021,6.49,Lifeline,5,2,1549,17
10-7-2020,7.94,Bangalore,5,14,2295,6
15-9-2022,27.33,Wraith,5,5,1625,10
3-5-2019,26.17,Rampart,9,3,2116,3
17-1-2021,19.79,Bangalore,1,6,895,2
13-6-2020,0.91,Bangalore,0,7,608,4
24-3-2020,18.9,Bloodhound,1,10,961,16
20-8-2021,20.72,Mirage,8,14,1353,14
2-6-2021,2.53,Valkyrie,2,2,840,11
18-10-2019,24.85,Mirage,9,4,1693,17
20-3-2020,12.58,Bloodhound,8,2,935,12
12-5-2021,0.93,Fuse,6,5,1193,1
18-5-2019,2.26,Lifeline,4,2,414,17
23-1-2022,2.13,Rampart,4,9,1961,11
3-5-2021,9.06,Wraith,1,7,876,15
9-7-2021,15.21,Mirage,2,5,877,11
14-8-2019,7.27,Ash,4,5,757,9
22-2-2022,24.71,Bangalore,2,12,1328,9
3-9-2021,16.39,Lifeline,7,10,1319,17
3-7-2019,10.27,Valkyrie,14,16,5610,15
9-11-2020,26.5,Wattson,17,3,1519,18
19-10-2021,0.78,Crypto,0,7,657,6
23-7-2021,15.42,Crypto,6,3,1479,12
28-6-2021,4.17,Valkyrie,3,5,1106,8
25-12-2021,19.63,Mirage,2,2,796,8
9-12-2019,9.23,Valkyrie,10,2,2701,7
12-6-2021,17.43,Wattson,1,10,1891,6
1-11-2019,16.22,Bloodhound,6,7,1900,4
11-1-2020,8.48,Octane,0,2,385,3
24-7-2022,29.34,Bangalore,4,5,986,3
1-9-2020,22.06,Mirage,3,14,1508,1
2-7-2020,18.44,Revenant,1,1,132,18
2-7-2022,6.87,Wraith,5,0,750,3
4-4-2020,28.8,Caustic,5,3,454,1
9-6-2021,0.68,Revenant,0,6,1146,11
18-8-2020,10.92,Wraith,14,3,2875,11
15-12-2020,16.82,Rampart,7,2,1886,19
20-10-2022,4.89,Pathfinder,6,1,880,4
13-9-2022,22.64,Crypto,7,7,1852,17
12-2-2020,4.89,Mad Maggie,6,1,1143,1
19-12-2021,2.49,Wattson,10,10,2011,19
11-3-2019,12.9,Crypto,9,6,909,9
4-8-2022,3.52,Wattson,0,3,451,4
14-1-2020,24.89,Ash,4,2,1272,5
29-12-2019,23.58,Wattson,5,6,880,19
11-2-2022,21.18,Fuse,13,4,1697,13
4-5-2020,25.64,Gibraltar,5,2,1549,14
17-9-2022,12.81,Mirage,12,2,1870,2
3-5-2020,21.88,Caustic,4,13,1238,13
24-5-2022,3.12,Caustic,4,10,1923,3
2-12-2021,5.43,Revenant,0,3,397,13
19-6-2022,26.52,Bloodhound,6,3,1638,1
10-7-2020,1.65,Caustic,1,2,244,14
12-12-2020,11.61,Crypto,5,2,1467,10
13-5-2019,19.24,Pathfinder,1,2,420,19
24-5-2022,9.88,Lifeline,3,6,1094,14
21-6-2019,16.0,Mad Maggie,4,4,1113,15
22-5-2020,7.99,Gibraltar,3,4,819,1
30-8-2019,11.64,Crypto,12,2,3156,13
4-10-2019,24.25,Rampart,3,13,3131,13
25-7-2021,21.25,Wraith,7,2,1383,11
17-1-2021,14.8,Gibraltar,2,1,478,16
7-9-2021,25.91,Mad Maggie,2,7,1589,18
6-9-2022,13.4,Pathfinder,5,2,1070,18
19-9-2020,28.48,Fuse,12,14,4955,5
1-9-2021,5.77,Crypto,2,5,1035,10
19-12-2019,24.74,Mirage,8,7,2257,17
25-12-2021,3.31,Gibraltar,0,0,0,6
18-9-2019,11.16,Bangalore,20,1,1860,15
13-9-2019,15.07,Bangalore,2,8,1216,7
27-10-2019,17.65,Caustic,17,7,2856,4
8-4-2020,21.55,Wattson,6,4,1322,1
17-3-2019,28.85,Caustic,6,8,2808,20
5-5-2019,7.06,Revenant,1,8,1043,9
6-2-2020,5.78,Valkyrie,6,5,1005,11
20-5-2022,11.99,Revenant,1,8,1059,14
28-12-2021,12.17,Wattson,10,2,2636,16
28-8-2020,4.79,Octane,0,4,343,2
17-5-2020,22.28,Wraith,2,7,1160,10
7-4-2022,17.4,Valkyrie,7,4,1428,17
3-4-2020,29.01,Octane,11,13,1285,12
15-1-2021,2.54,Revenant,13,7,4076,19
23-5-2022,25.57,Bloodhound,7,3,1045,16
29-1-2021,20.21,Bloodhound,2,7,1440,15
6-7-2019,6.31,Bangalore,10,0,1883,16
28-12-2020,21.88,Crypto,5,4,718,4
20-6-2022,21.52,Valkyrie,6,3,1289,18
30-8-2022,0.13,Bloodhound,7,17,3768,16
2-7-2022,3.79,Valkyrie,1,3,405,11
25-4-2019,8.45,Fuse,0,2,223,4
17-5-2020,23.72,Wraith,4,14,3168,12
10-8-2021,1.22,Fuse,3,2,969,15
12-3-2022,22.36,Rampart,11,3,1224,12
16-3-2021,20.68,Mirage,2,7,689,2
8-10-2022,14.05,Caustic,2,11,2339,13
28-12-2019,20.32,Fuse,14,4,2816,2
29-4-2019,4.96,Wattson,3,3,613,20
30-11-2019,11.53,Octane,14,3,2766,12
13-7-2020,1.78,Revenant,1,1,278,5
28-4-2019,0.19,Gibraltar,1,12,1184,19
20-7-2022,27.35,Wraith,8,2,695,8
30-7-2019,8.28,Pathfinder,1,18,1387,5
20-1-2021,0.75,Octane,6,1,1026,4
18-4-2019,10.98,Fuse,2,2,256,19
6-3-2019,2.45,Valkyrie,2,6,509,17
22-2-2019,7.94,Gibraltar,10,1,2064,16
25-3-2020,29.51,Pathfinder,4,7,1989,12
23-9-2021,14.52,Wraith,1,11,634,10
21-3-2022,1.69,Ash,1,14,1292,14
31-3-2019,28.31,Ash,8,5,1672,10
5-1-2021,28.76,Wattson,13,13,4937,19
10-10-2020,1.93,Caustic,0,7,870,19
22-7-2019,22.46,Pathfinder,6,2,1519,8
23-4-2019,28.11,Lifeline,17,3,1162,13
10-11-2020,20.56,Wraith,8,2,2186,8
14-10-2019,4.46,Wraith,2,13,2617,8
16-10-2019,9.81,Bloodhound,9,4,1465,13
3-3-2020,5.95,Ash,12,3,1390,1
25-3-2022,13.5,Rampart,3,4,1300,11
19-7-2020,4.56,Octane,16,4,4102,1
2-9-2019,8.08,Ash,7,5,2109,14
29-6-2019,2.48,Crypto,2,3,866,5
1-11-2022,15.68,Gibraltar,8,9,3338,5
21-12-2020,22.24,Bangalore,11,9,3049,14
15-1-2020,15.34,Mad Maggie,1,1,325,15
20-4-2019,27.91,Wraith,2,2,421,18
12-2-2021,4.09,Ash,4,6,1828,5
26-11-2019,21.36,Wraith,4,3,1459,14
27-2-2022,25.28,Bangalore,3,4,598,11
17-2-2020,21.81,Wraith,2,2,235,15
2-4-2022,17.35,Bloodhound,3,2,704,1
20-11-2022,22.42,Revenant,9,10,2887,1
21-9-2022,9.81,Wraith,0,2,144,11
20-12-2019,10.55,Octane,12,12,3840,3
23-2-2020,28.0,Pathfinder,13,5,3302,7
31-7-2021,1.81,Octane,9,15,1737,6
18-5-2020,19.88,Wattson,2,3,765,6
29-6-2019,16.68,Pathfinder,19,1,3515,4
11-7-2021,11.2,Lifeline,7,3,1409,5
30-10-2020,24.93,Wraith,13,3,1537,1
31-5-2022,22.72,Bangalore,2,6,1261,18
19-2-2020,0.12,Octane,1,6,406,15
1-6-2021,11.18,Mad Maggie,3,3,1111,1
25-3-2019,17.48,Bangalore,3,1,845,15
13-10-2020,19.79,Wraith,2,1,432,12
12-10-2021,2.88,Fuse,1,8,1558,12
18-7-2020,12.81,Revenant,2,12,1585,1
8-6-2022,19.7,Caustic,1,2,388,20
4-11-2021,8.0,Bloodhound,1,1,287,20
22-6-2019,19.06,Bloodhound,6,18,1893,5
13-10-2019,2.02,Bangalore,0,10,1370,1
9-10-2019,19.62,Bangalore,3,4,1053,9
25-4-2020,6.04,Wraith,12,4,2642,10
5-5-2019,4.11,Revenant,14,7,1967,6
22-8-2021,4.96,Valkyrie,0,1,64,16
14-4-2020,2.36,Revenant,4,8,2451,3
26-1-2022,16.29,Fuse,1,16,1650,8
30-1-2022,6.4,Ash,2,0,264,4
6-3-2021,10.14,Gibraltar,8,5,729,7
25-10-2019,12.08,Gibraltar,8,13,1218,5
19-11-2021,1.72,Caustic,7,8,867,9
4-4-2019,12.48,Lifeline,8,4,812,10
21-9-2020,25.49,Ash,2,15,1894,18
6-3-2019,2.33,Rampart,0,5,658,19
20-2-2022,18.51,Gibraltar,1,4,530,9
10-7-2022,2.07,Valkyrie,5,6,858,15
21-4-2022,0.65,Revenant,6,1,464,2
2-4-2022,11.01,Rampart,2,2,403,13
22-5-2019,21.15,Revenant,5,2,492,8
1-9-2021,1.25,Rampart,17,3,1235,18
26-11-2022,17.33,Gibraltar,1,3,629,4
25-8-2019,12.68,Valkyrie,8,1,1602,18
26-12-2022,27.97,Crypto,2,16,2468,11
21-2-2021,23.53,Crypto,5,11,3140,2
20-4-2022,15.06,Revenant,3,4,1200,20
12-6-2020,5.6,Octane,5,8,998,1
17-8-2019,14.74,Fuse,4,16,2243,5
29-8-2019,12.98,Mad Maggie,1,4,952,3
2-2-2020,28.19,Revenant,2,7,1356,16
30-5-2019,4.3,Rampart,0,1,123,13
7-11-2020,25.18,Bangalore,3,18,4020,19
11-9-2019,10.16,Revenant,2,5,1154,15
7-12-2021,17.58,Crypto,1,1,297,11
7-12-2019,13.74,Revenant,2,1,177,3
10-11-2022,18.28,Bloodhound,1,1,249,11
24-7-2021,7.64,Fuse,3,11,909,9
28-5-2022,28.23,Pathfinder,7,10,2967,1
10-12-2021,21.32,Pathfinder,4,4,464,11
14-10-2021,9.8,Rampart,0,4,636,1
20-11-2022,28.07,Rampart,8,4,2436,12
8-3-2022,0.46,Revenant,0,1,103,20
31-3-2022,23.97,Gibraltar,3,11,2342,18
21-2-2020,18.36,Bangalore,1,2,552,16
17-7-2019,17.05,Octane,8,7,2689,5
19-10-2019,21.31,Rampart,7,8,2776,14
7-10-2022,24.4,Pathfinder,18,6,3996,11
24-8-2019,19.31,Fuse,1,4,871,2
2-2-2021,26.75,Wraith,13,7,2504,5
26-12-2021,23.96,Bloodhound,5,3,1294,16
3-11-2020,25.5,Pathfinder,2,2,851,15
18-4-2022,3.45,Wattson,11,9,3262,16
21-7-2019,28.72,Bangalore,10,6,1648,18
16-6-2019,22.85,Pathfinder,7,7,918,8
24-2-2019,0.37,Wattson,18,16,6565,12
4-6-2019,4.81,Octane,9,7,2494,10
3-9-2021,13.0,Fuse,10,14,3267,6
12-12-2021,4.66,Bangalore,0,9,1336,1
16-11-2022,25.71,Rampart,8,4,1898,18
29-9-2020,20.21,Bangalore,5,2,1236,18
24-6-2021,0.95,Octane,0,13,1270,8
4-3-2022,24.11,Bangalore,13,2,2080,1
21-2-2019,8.22,Revenant,16,2,3967,13
29-5-2021,12.61,Bangalore,3,1,416,2
24-6-2020,17.1,Wraith,11,12,4475,15
26-1-2020,28.56,Crypto,2,6,1262,2
14-11-2019,13.71,Caustic,6,1,1268,15
28-2-2022,22.56,Gibraltar,4,2,1298,18
24-3-2022,28.48,Bloodhound,6,3,666,19
3-3-2019,14.68,Bangalore,1,4,844,11
15-10-2022,14.14,Wattson,16,10,2646,15
14-12-2019,8.71,Octane,0,0,0,8
4-4-2019,8.23,Gibraltar,13,6,2690,8
17-6-2022,23.54,Ash,2,20,2895,5
13-10-2019,15.02,Valkyrie,2,2,513,2
11-9-2019,19.8,Caustic,4,7,1269,3
5-1-2022,18.31,Crypto,13,4,2626,7
14-6-2021,15.21,Valkyrie,11,15,3733,11
29-10-2020,6.59,Bangalore,3,9,837,5
25-10-2019,29.62,Lifeline,3,8,1988,12
25-11-2019,2.78,Fuse,2,8,1054,12
19-9-2020,17.91,Lifeline,3,2,1020,2
10-6-2019,5.93,Wattson,3,13,3036,8
18-10-2020,7.04,Octane,11,5,1689,5
15-4-2022,6.07,Fuse,11,9,2977,4
28-7-2021,14.32,Mad Maggie,4,4,1503,20
28-5-2022,6.99,Crypto,6,0,923,7
22-2-2020,25.43,Ash,5,2,871,19
7-11-2022,19.1,Gibraltar,1,4,478,1
16-12-2020,3.46,Wraith,1,16,1340,20
10-3-2022,4.12,Wattson,4,1,894,15
17-12-2020,15.49,Fuse,8,9,1296,17
23-4-2022,8.3,Mad Maggie,16,8,4201,15
15-2-2022,17.81,Caustic,3,5,1044,14
2-1-2021,12.5,Fuse,8,12,1117,6
12-8-2021,16.23,Valkyrie,4,14,2824,2
30-1-2020,19.57,Octane,7,4,1427,16
13-12-2020,25.27,Pathfinder,6,5,719,15
31-7-2019,1.98,Gibraltar,0,2,293,8
7-8-2022,22.51,Bangalore,3,8,1880,12
6-8-2019,17.0,Bloodhound,4,20,4134,1
23-2-2021,14.87,Ash,4,11,2627,12
21-1-2020,14.47,Valkyrie,5,12,1226,14
4-1-2021,23.37,Crypto,2,4,391,8
31-5-2021,21.64,Octane,3,12,1379,7
12-11-2021,28.67,Crypto,9,3,1041,17
3-11-2022,26.84,Rampart,6,4,626,8
15-5-2022,16.51,Octane,2,7,1530,19
27-2-2019,25.5,Pathfinder,5,11,1437,7
26-2-2020,29.81,Bloodhound,3,4,1010,20
15-3-2021,21.65,Octane,2,2,396,8
26-1-2022,17.36,Wattson,9,4,1852,11
26-3-2021,5.15,Gibraltar,0,3,431,9
20-7-2019,13.2,Wattson,4,13,3059,18
11-12-2019,23.11,Bloodhound,3,4,1022,6
1-3-2020,11.1,Mad Maggie,9,2,727,6
29-8-2021,3.16,Octane,0,2,184,19
18-12-2020,1.55,Octane,0,3,269,6
31-7-2022,20.58,Wattson,4,5,713,14
4-7-2021,11.47,Octane,2,4,462,2
10-6-2019,28.41,Ash,3,6,571,8
15-7-2020,5.38,Valkyrie,3,0,444,13
21-12-2022,8.41,Bloodhound,3,14,2564,3
12-10-2022,16.45,Fuse,10,11,1843,10
30-5-2021,27.44,Wattson,17,7,4398,16
11-8-2022,10.2,Wattson,10,18,4626,12
11-2-2021,1.95,Lifeline,11,3,2003,19
15-4-2020,23.12,Rampart,4,11,2522,4
13-1-2021,19.28,Rampart,7,4,890,15
11-12-2021,7.61,Mad Maggie,10,2,2558,17
27-6-2022,25.86,Wattson,12,19,2501,18
7-3-2021,1.24,Revenant,2,2,702,7
21-11-2019,15.19,Octane,10,9,2854,2
21-12-2020,7.02,Valkyrie,3,0,309,18
26-4-2022,10.57,Wraith,3,16,3413,10
4-10-2021,20.25,Mirage,6,5,1932,12
15-7-2022,11.45,Mirage,1,2,439,6
23-7-2021,21.21,Ash,9,3,2285,17
1-6-2020,3.59,Bangalore,5,11,2964,8
30-7-2021,11.32,Fuse,4,7,1217,17
22-12-2021,24.76,Caustic,17,3,4010,9
7-11-2020,14.32,Rampart,11,4,2624,3
31-10-2022,2.39,Wraith,13,0,1944,16
3-10-2022,24.6,Fuse,9,9,1950,12
19-4-2021,5.85,Lifeline,2,14,784,5
8-12-2020,11.91,Mad Maggie,1,2,359,17
24-3-2020,18.25,Mad Maggie,19,3,1497,8
11-4-2022,25.99,Octane,8,5,1447,15
30-5-2021,14.18,Rampart,13,14,4315,8
7-1-2022,5.57,Mirage,14,13,2105,20
31-3-2022,21.79,Crypto,5,3,1254,9
12-5-2019,3.88,Gibraltar,13,0,1445,5
21-1-2022,23.72,Valkyrie,3,3,1056,14
17-11-2019,19.92,Caustic,1,10,675,9
6-9-2019,22.38,Valkyrie,3,12,2826,18
20-1-2020,0.32,Mad Maggie,1,5,568,9
14-8-2019,16.4,Octane,6,4,575,11
6-3-2021,26.92,Caustic,12,4,2899,6
5-9-2019,7.5,Valkyrie,0,6,526,6
18-2-2021,26.94,Caustic,6,13,1439,14
28-3-2019,23.33,Wraith,5,16,1868,13
3-4-2020,4.9,Caustic,1,0,181,6
5-8-2022,10.22,Mirage,9,2,2003,20
12-1-2021,21.48,Ash,6,14,1147,3
25-4-2020,29.69,Mad Maggie,3,15,3267,4
27-12-2022,6.81,Revenant,1,13,2001,11
5-8-2020,17.4,Caustic,1,5,797,11
25-12-2020,14.18,Rampart,3,1,488,11
26-7-2022,6.55,Octane,0,8,1079,13
14-3-2022,29.5,Caustic,2,12,711,19
8-2-2020,1.71,Pathfinder,3,5,1042,12
14-9-2021,8.46,Caustic,0,1,78,3
1-7-2020,12.73,Mad Maggie,4,7,1994,8
4-11-2019,14.78,Lifeline,12,5,3114,16
26-11-2020,18.68,Wraith,18,7,4810,12
11-10-2022,0.69,Bloodhound,11,9,2842,1
19-10-2020,25.61,Revenant,4,9,1290,14
6-10-2021,0.93,Caustic,0,2,300,4
22-2-2019,16.55,Bangalore,1,5,350,20
26-1-2020,0.95,Wraith,1,13,1696,2
26-2-2020,14.22,Mirage,11,1,825,10
4-5-2019,7.9,Wattson,1,1,339,15
7-7-2020,8.7,Gibraltar,0,4,413,12
26-1-2020,0.69,Wattson,1,13,2680,1
5-2-2021,14.29,Bloodhound,3,1,816,19
12-1-2020,13.02,Octane,2,12,2476,4
27-1-2022,17.12,Wraith,6,3,1433,10
19-7-2021,16.8,Wattson,5,9,2419,12
26-10-2019,16.69,Mad Maggie,12,12,3908,2
13-10-2022,10.62,Caustic,8,9,2749,8
12-6-2020,28.18,Pathfinder,3,4,1145,3
28-5-2020,11.24,Rampart,6,1,1037,12
20-8-2019,24.45,Rampart,5,12,2477,1
10-7-2022,3.43,Octane,18,6,3243,14
15-4-2021,5.44,Valkyrie,8,1,1607,11
30-4-2019,15.94,Bangalore,10,15,2224,15
3-12-2022,29.16,Ash,2,5,791,12
17-9-2020,8.2,Wraith,1,6,560,4
16-12-2022,12.47,Mad Maggie,5,7,1079,8
14-8-2022,1.27,Mirage,1,0,199,8
5-3-2021,6.08,Bangalore,2,1,517,10
15-7-2022,25.92,Crypto,2,10,1315,17
2-11-2021,4.18,Octane,2,2,640,7
31-3-2021,14.09,Ash,6,2,967,9
19-1-2021,24.11,Mirage,2,2,687,8
6-8-2020,7.7,Crypto,1,9,1217,6
19-9-2022,27.47,Octane,2,15,1522,6
3-8-2021,8.55,Valkyrie,4,13,1839,1
7-4-2021,23.8,Fuse,10,13,4174,1
29-7-2020,22.64,Wattson,3,6,712,19
21-4-2020,15.4,Wraith,9,5,1554,11
9-1-2020,16.42,Wattson,1,3,365,16
1-11-2022,18.68,Valkyrie,6,1,1127,11
2-1-2021,29.66,Caustic,2,2,443,9
9-2-2019,5.63,Caustic,4,8,2107,8
17-12-2019,10.25,Octane,4,4,497,9
11-8-2020,29.51,Crypto,12,12,2570,19
22-4-2021,27.34,Revenant,6,10,2078,18
13-11-2020,27.36,Bloodhound,12,14,4782,10
19-7-2020,29.66,Fuse,13,3,2674,1
25-9-2020,1.08,Valkyrie,7,9,2472,15
4-11-2022,10.79,Octane,9,5,2177,17
16-2-2020,6.94,Ash,14,17,1797,3
21-8-2022,23.86,Ash,12,3,1040,16
10-8-2019,14.71,Lifeline,11,4,2709,13
14-10-2021,29.52,Pathfinder,11,9,3616,17
20-5-2021,23.43,Rampart,6,5,955,15
6-6-2022,0.47,Revenant,1,0,95,6
13-6-2019,21.48,Mad Maggie,15,2,976,8
8-5-2020,22.12,Rampart,3,6,963,16
1-11-2019,28.5,Gibraltar,11,3,1552,13
16-7-2019,17.91,Octane,2,3,315,4
1-12-2020,19.43,Gibraltar,3,10,2149,10
2-6-2021,2.42,Bangalore,5,6,949,3
30-11-2021,28.44,Wraith,6,12,2004,9
23-4-2020,7.54,Mad Maggie,8,15,1616,20
28-8-2022,0.49,Bangalore,4,3,471,1
21-5-2021,7.21,Caustic,3,11,877,8
8-5-2021,5.4,Pathfinder,3,1,687,7
28-1-2021,15.91,Bangalore,2,8,645,10
2-5-2019,12.95,Fuse,3,3,592,10
11-4-2022,29.75,Revenant,10,2,680,18
23-1-2020,26.12,Caustic,7,15,2818,1
25-3-2020,7.22,Fuse,1,0,198,19
18-4-2022,29.97,Wattson,3,6,1440,14
1-5-2022,11.95,Ash,5,11,2806,7
18-5-2021,10.39,Mirage,6,3,1888,9
10-10-2022,14.23,Lifeline,6,5,1110,12
6-11-2021,20.73,Valkyrie,2,3,466,8
13-11-2019,4.51,Mirage,3,15,2146,6
29-1-2021,1.52,Mirage,1,13,1291,11
27-9-2020,28.09,Mirage,3,5,1581,18
11-8-2022,29.07,Bangalore,8,4,1376,15
6-5-2022,0.38,Pathfinder,3,4,872,6
14-10-2021,26.55,Gibraltar,5,16,3325,6
24-11-2019,7.56,Pathfinder,5,10,2592,20
6-10-2021,21.78,Revenant,15,8,1294,10
11-7-2021,27.0,Octane,2,10,1020,8
28-4-2021,2.77,Fuse,5,1,568,1
3-5-2020,22.63,Mad Maggie,5,10,2391,12
1-12-2020,13.09,Mad Maggie,13,2,1113,10
28-5-2019,27.1,Mirage,2,10,2057,17
2-3-2021,10.93,Wraith,7,7,857,2
30-4-2022,21.43,Wraith,6,5,2363,11
4-8-2021,23.23,Ash,19,3,4149,8
21-10-2020,13.22,Lifeline,7,2,1382,14
16-2-2019,10.42,Wraith,5,12,2333,1
25-8-2021,8.59,Valkyrie,8,0,949,17
1-12-2020,4.56,Revenant,5,3,818,8
12-3-2019,8.54,Bloodhound,7,15,1197,20
8-6-2020,23.78,Bloodhound,6,2,582,5
14-7-2019,25.17,Fuse,2,3,885,20
16-6-2019,15.05,Valkyrie,3,2,1067,20
21-3-2019,7.32,Octane,0,5,595,19
15-9-2021,11.28,Fuse,6,5,1508,11
27-6-2020,18.18,Mad Maggie,14,11,2521,2
25-3-2020,18.59,Ash,2,2,367,16
27-12-2019,6.82,Revenant,12,0,2420,13
6-10-2019,7.16,Caustic,3,13,1999,4
7-8-2019,12.91,Mirage,15,2,3842,2
14-3-2019,4.75,Revenant,3,0,541,1
15-7-2020,26.52,Pathfinder,2,2,396,17
13-8-2022,12.15,Bangalore,7,8,2245,13
2-10-2020,22.49,Valkyrie,2,4,461,5
17-5-2019,19.36,Ash,4,11,2800,17
21-6-2022,10.14,Fuse,10,3,825,15
7-3-2019,5.12,Mad Maggie,6,0,596,14
26-2-2019,29.71,Caustic,14,9,2129,9
5-8-2020,16.89,Wraith,2,1,256,20
6-10-2022,4.59,Gibraltar,4,0,575,1
13-12-2020,1.72,Mad Maggie,5,0,367,5
26-12-2021,14.68,Mad Maggie,1,2,433,16
13-10-2022,21.54,Mirage,12,9,1581,4
15-1-2021,20.89,Mad Maggie,3,14,2856,11
16-11-2020,9.46,Crypto,1,2,516,6
5-12-2022,12.59,Bloodhound,1,10,698,12
9-9-2021,29.79,Crypto,10,5,2169,19
25-6-2020,28.39,Pathfinder,6,9,1036,12
6-8-2021,2.09,Bloodhound,7,1,1255,9
20-12-2022,5.71,Rampart,4,8,2188,17
6-6-2019,26.45,Crypto,5,12,2469,2
21-2-2019,20.73,Pathfinder,3,7,1272,16
24-9-2019,8.4,Bangalore,13,0,3015,15
27-10-2022,21.04,Pathfinder,2,11,924,20
12-3-2022,16.38,Mad Maggie,5,2,555,11
21-10-2020,7.37,Octane,3,9,1273,7
7-2-2020,16.14,Pathfinder,4,4,459,9
5-3-2020,17.34,Rampart,11,16,4624,4
13-8-2021,6.73,Revenant,12,4,1500,12
24-8-2021,22.17,Wraith,6,12,1155,5
26-10-2020,23.97,Bloodhound,8,15,3410,11
9-6-2019,27.12,Wraith,11,4,2114,7
7-9-2020,13.83,Valkyrie,1,15,1717,19
19-12-2022,0.29,Gibraltar,4,4,1635,9
5-5-2021,28.08,Lifeline,18,17,2962,10
6-8-2022,28.98,Wattson,3,12,1312,4
15-7-2020,24.19,Wattson,2,6,960,7
22-3-2022,17.36,Ash,15,6,1983,12
11-1-2020,9.48,Pathfinder,0,6,532,17
26-5-2022,22.02,Bangalore,13,7,3814,12
5-10-2021,20.17,Rampart,2,4,1070,13
14-3-2022,27.93,Mirage,2,2,678,20
12-11-2019,19.17,Mirage,4,17,2879,12
17-1-2020,15.38,Wattson,1,3,218,20
16-8-2019,6.93,Crypto,7,2,1038,19
27-3-2020,5.83,Valkyrie,4,1,807,6
2-11-2020,20.37,Revenant,2,3,428,18
17-2-2019,9.81,Ash,10,1,1570,6
21-7-2022,8.89,Gibraltar,0,2,278,18
11-4-2019,10.74,Mirage,6,5,1294,7
27-6-2019,15.92,Crypto,5,8,1985,4
12-6-2022,25.32,Caustic,6,4,2136,12
21-11-2019,13.11,Mirage,9,4,2270,19
27-10-2020,28.59,Octane,2,14,1894,1
18-3-2020,6.45,Valkyrie,4,4,749,16
5-10-2019,29.18,Valkyrie,16,7,4749,16
20-8-2020,10.69,Gibraltar,1,15,1016,20
4-8-2019,28.04,Rampart,2,2,611,4
26-2-2020,16.17,Pathfinder,1,15,2709,16
23-5-2020,2.87,Caustic,0,8,1134,3
28-3-2019,5.12,Lifeline,3,0,624,11
18-7-2021,0.6,Gibraltar,3,0,427,5
26-6-2019,2.56,Mirage,14,11,3173,10
27-4-2021,14.41,Rampart,8,19,3289,16
10-2-2022,16.21,Ash,4,5,1650,13
30-10-2021,11.28,Octane,18,3,4849,12
20-9-2020,22.87,Wraith,4,2,1192,6
11-9-2019,28.89,Mad Maggie,4,9,2464,13
27-10-2019,6.45,Mirage,6,4,686,14
14-2-2022,1.75,Crypto,2,3,985,12
8-2-2020,11.89,Ash,1,2,193,2
7-9-2019,9.67,Crypto,12,1,1879,18
29-4-2020,11.3,Bloodhound,2,1,622,7
21-11-2019,23.48,Rampart,9,19,3007,11
25-5-2021,9.81,Crypto,0,5,892,7
25-9-2020,5.8,Valkyrie,6,1,432,15
20-12-2019,25.34,Revenant,2,9,1700,11
6-2-2020,24.3,Revenant,2,21,1551,5
11-9-2019,17.57,Octane,8,1,1927,8
27-12-2022,2.86,Gibraltar,7,9,1416,7
2-6-2020,27.48,Valkyrie,8,11,1340,17
18-12-2019,27.34,Ash,4,3,1171,4
13-4-2019,4.25,Wraith,8,1,2048,14
6-12-2021,1.86,Bangalore,17,14,4118,1
25-12-2019,8.48,Pathfinder,1,8,598,15
12-5-2019,16.42,Fuse,4,7,1291,18
13-6-2022,8.29,Wraith,0,0,0,11
16-9-2022,18.6,Revenant,15,2,2371,13
17-1-2022,19.93,Wraith,3,2,392,19
4-12-2022,29.19,Fuse,3,5,1634,8
18-6-2021,25.43,Fuse,3,8,1565,19
30-7-2019,8.12,Pathfinder,13,13,1585,15
10-3-2021,9.77,Wraith,2,7,731,11
22-6-2022,23.91,Ash,20,18,5275,14
4-11-2020,15.98,Pathfinder,17,10,5249,1
23-1-2020,11.92,Crypto,15,1,1365,6
7-7-2022,3.66,Valkyrie,0,3,244,18
30-5-2019,19.36,Bangalore,2,15,3103,2
11-11-2020,18.06,Bangalore,3,1,552,4
19-3-2019,0.64,Revenant,3,13,1774,2
27-10-2019,13.04,Bloodhound,2,6,1028,10
2-8-2022,27.39,Revenant,6,3,1360,18
15-7-2021,22.56,Fuse,13,6,3648,13
12-4-2020,16.64,Mirage,13,2,1007,15
17-4-2022,2.59,Ash,7,6,1838,16
6-6-2022,21.81,Mad Maggie,4,5,1730,6
31-10-2022,24.63,Mirage,3,2,648,14
18-6-2021,4.42,Ash,5,8,1932,6
6-12-2021,24.99,Wraith,8,3,2087,2
31-8-2022,11.42,Mad Maggie,1,3,790,5
10-9-2021,20.89,Fuse,10,9,2119,15
30-3-2022,18.11,Bloodhound,3,2,487,18
6-7-2020,8.39,Gibraltar,5,5,1760,9
21-5-2020,16.45,Ash,9,10,2823,18
18-9-2019,16.87,Wraith,15,10,1420,18
30-12-2020,4.68,Pathfinder,1,6,999,12
29-3-2022,23.01,Valkyrie,5,2,1574,7
29-1-2020,28.44,Mad Maggie,11,6,1503,2
21-12-2019,6.07,Wattson,10,5,1310,6
28-7-2019,10.58,Crypto,2,15,1310,18
27-5-2020,3.98,Gibraltar,4,9,2348,2
3-4-2022,6.88,Octane,4,1,425,16
20-8-2019,13.45,Octane,3,1,434,17
17-9-2020,1.33,Gibraltar,5,6,1087,11
23-2-2020,3.55,Ash,9,8,1962,5
9-8-2022,25.75,Rampart,8,6,2369,15
8-6-2022,2.02,Wraith,16,2,2285,1
26-12-2020,20.32,Bangalore,13,2,3027,5
6-10-2019,13.28,Crypto,4,8,2300,1
28-9-2022,25.88,Gibraltar,10,2,871,2
3-10-2019,6.93,Bangalore,1,1,415,8
18-7-2021,17.48,Rampart,6,4,861,14
29-6-2021,26.3,Gibraltar,3,2,383,19
12-2-2020,4.05,Gibraltar,0,0,0,16
5-10-2022,18.89,Rampart,2,2,398,3
27-11-2020,8.96,Bangalore,0,5,449,6
3-2-2022,15.78,Caustic,5,3,1585,18
10-3-2021,10.87,Caustic,5,1,1316,14
30-8-2022,17.88,Gibraltar,1,14,2675,19
6-7-2021,23.63,Bangalore,3,16,1759,13
18-2-2020,22.74,Mirage,11,5,3256,1
17-12-2020,27.72,Mad Maggie,8,4,1487,19
25-12-2020,1.17,Mirage,5,3,1096,1
22-12-2020,17.82,Mirage,9,5,2208,15
18-1-2022,1.28,Pathfinder,4,0,743,2
9-6-2019,6.39,Valkyrie,0,4,579,12
21-9-2021,18.56,Wattson,2,6,999,14
5-5-2022,1.32,Crypto,3,8,1235,2
19-8-2021,22.25,Mirage,3,6,1428,16
26-11-2022,2.65,Lifeline,13,2,1495,13
10-12-2019,26.58,Lifeline,10,5,2021,10
21-6-2021,13.08,Caustic,4,14,1347,19
17-7-2020,13.2,Wraith,6,12,3690,2
28-8-2021,24.56,Caustic,15,2,2367,3
23-7-2019,22.68,Bangalore,4,8,2281,7
2-12-2022,19.58,Caustic,5,20,2620,17
16-7-2021,19.71,Wattson,5,1,902,1
21-5-2020,23.11,Mirage,6,2,1230,15
5-10-2021,9.0,Wattson,6,6,1862,17
11-4-2019,16.8,Gibraltar,13,7,2691,14
31-12-2021,19.98,Bangalore,2,3,900,14
14-6-2022,23.44,Rampart,2,2,479,6
26-12-2022,7.86,Wattson,9,3,1236,2
14-2-2019,9.63,Mad Maggie,6,14,3531,16
3-6-2020,23.66,Fuse,4,11,2403,18
16-12-2022,3.33,Mirage,15,11,3258,11
9-4-2020,5.51,Revenant,3,0,189,12
1-12-2021,20.83,Rampart,21,5,3530,17
5-12-2019,19.79,Octane,8,4,2029,3
1-10-2020,24.29,Wattson,10,4,3006,11
4-8-2022,12.18,Rampart,4,6,632,15
20-10-2022,4.19,Gibraltar,4,6,1618,8
13-6-2021,3.18,Revenant,0,7,1151,3
21-4-2021,12.56,Pathfinder,5,11,1461,10
14-7-2022,9.71,Valkyrie,1,15,2246,9
25-4-2019,25.27,Crypto,5,5,1936,17
29-7-2022,8.6,Wraith,4,5,1176,11
6-3-2020,13.59,Valkyrie,15,19,5879,5
11-1-2021,20.65,Ash,2,4,1175,13
2-9-2022,28.07,Wattson,2,2,414,16
24-5-2021,2.23,Caustic,3,1,839,11
1-10-2019,11.18,Mad Maggie,16,1,1079,18
16-4-2022,2.93,Octane,3,0,392,11
11-9-2021,25.68,Lifeline,7,5,2477,20
14-9-2021,6.5,Octane,12,8,1124,20
13-1-2021,2.02,Bloodhound,4,16,3024,9
19-9-2020,9.91,Gibraltar,4,1,440,17
13-4-2020,29.74,Mirage,9,3,1958,8
17-7-2020,4.9,Mirage,1,2,339,16
22-8-2019,8.4,Crypto,12,8,2261,8
23-12-2020,5.15,Bangalore,3,0,358,11
25-11-2021,13.74,Lifeline,4,2,896,3
24-10-2019,15.49,Lifeline,4,1,663,3
28-9-2022,20.84,Crypto,2,4,878,15
8-2-2022,10.98,Caustic,15,1,1338,16
19-7-2019,25.2,Wraith,3,3,907,10
26-7-2021,12.89,Fuse,11,1,1021,14
25-8-2019,28.32,Wraith,7,2,560,17
4-1-2021,14.66,Wraith,2,2,312,15
10-6-2022,3.43,Revenant,1,2,269,8
14-1-2021,4.85,Bangalore,2,3,410,2
5-8-2019,0.58,Revenant,17,10,1626,14
27-2-2021,21.88,Wraith,16,7,3197,1
15-9-2019,4.91,Lifeline,1,2,492,13
4-4-2022,15.88,Fuse,11,1,2069,19
15-4-2022,23.76,Rampart,9,11,1962,12
17-7-2022,26.55,Revenant,3,2,709,18
10-5-2020,27.58,Valkyrie,6,7,1473,13
29-6-2019,18.78,Crypto,2,6,850,1
20-12-2020,26.39,Revenant,3,4,1394,14
24-9-2022,23.51,Octane,5,11,1695,19
22-6-2021,24.1,Octane,13,12,2748,4
17-2-2020,13.77,Wattson,9,1,2079,16
3-8-2019,23.81,Caustic,3,4,652,10
25-10-2020,26.75,Rampart,9,4,1139,19
25-6-2019,2.95,Caustic,11,2,2272,19
17-4-2020,28.89,Mad Maggie,8,2,871,8
17-6-2020,13.36,Octane,5,14,2224,1
30-7-2020,29.26,Mad Maggie,4,2,716,7
6-6-2022,7.58,Wattson,6,0,555,15
23-3-2019,9.48,Gibraltar,5,15,2053,4
11-7-2022,15.67,Wraith,1,5,945,11
1-7-2021,1.08,Wraith,3,8,1398,9
16-12-2020,3.46,Wattson,2,15,2614,12
4-5-2020,17.67,Bangalore,14,17,4396,15
3-10-2020,3.39,Lifeline,0,0,0,2
14-8-2021,8.18,Bloodhound,0,14,2029,12
16-4-2020,2.67,Caustic,1,1,417,13
6-4-2019,19.0,Mad Maggie,5,9,1193,11
2-3-2020,17.0,Bloodhound,7,8,2683,5
2-2-2020,15.71,Wraith,1,7,1124,14
3-1-2020,8.79,Octane,10,0,1978,15
7-6-2021,19.48,Fuse,1,5,848,17
16-12-2020,29.58,Revenant,10,2,2359,8
21-2-2022,2.94,Caustic,4,14,3476,10
13-8-2022,28.85,Wraith,4,19,1299,17
22-3-2021,8.22,Fuse,0,0,0,9
14-3-2019,23.97,Bangalore,2,3,605,2
10-10-2021,26.57,Bangalore,4,3,1095,5
8-3-2019,17.82,Revenant,7,4,2146,17
21-8-2019,29.54,Crypto,3,10,2063,19
11-4-2022,15.37,Ash,7,4,1078,15
10-1-2021,22.67,Caustic,2,2,262,15
3-11-2021,12.84,Ash,19,7,3008,13
17-2-2020,18.94,Pathfinder,7,1,1693,16
13-12-2021,20.83,Lifeline,5,13,2896,10
13-6-2021,14.64,Valkyrie,3,2,1075,13
30-7-2019,26.21,Wattson,6,10,2470,11
1-6-2019,28.81,Rampart,10,9,3098,12
26-8-2019,21.89,Octane,8,3,1069,5
30-11-2019,26.86,Bangalore,9,4,851,9
14-12-2020,20.41,Crypto,3,2,480,9
12-12-2019,12.91,Crypto,14,1,3391,13
6-6-2022,21.45,Lifeline,3,11,1288,5
3-5-2021,17.51,Caustic,1,2,183,13
17-12-2019,24.41,Revenant,3,14,2325,3
25-5-2020,1.12,Bangalore,3,1,816,8
23-11-2019,28.49,Pathfinder,8,5,1887,9
20-12-2020,22.82,Valkyrie,12,4,3094,5
1-2-2022,24.92,Valkyrie,7,3,1529,2
31-5-2022,23.98,Caustic,6,11,1934,5
22-7-2019,6.4,Rampart,9,6,1647,6
9-9-2019,29.36,Mirage,3,3,779,14
2-3-2019,1.64,Pathfinder,0,0,0,19
16-8-2022,5.75,Mirage,7,12,1547,9
24-6-2020,25.98,Gibraltar,5,5,1902,10
23-11-2020,22.81,Pathfinder,2,16,965,12
4-9-2020,1.45,Octane,2,0,322,13
6-12-2022,21.79,Gibraltar,16,12,3417,1
21-12-2020,17.83,Ash,10,6,1184,2
21-9-2022,28.47,Mirage,4,3,559,2
9-8-2019,18.9,Bloodhound,2,1,236,4
28-8-2022,3.78,Caustic,2,2,740,4
13-12-2019,21.54,Wraith,6,10,1539,19
2-6-2020,29.06,Mad Maggie,2,5,1286,14
19-1-2022,1.44,Valkyrie,2,16,2298,5
27-3-2019,3.57,Lifeline,6,0,957,8
4-6-2019,16.37,Mad Maggie,2,11,914,6
9-5-2019,11.47,Lifeline,7,4,1567,11
6-3-2022,25.03,Rampart,9,5,1428,15
25-10-2022,22.07,Bloodhound,3,7,1541,1
12-8-2021,8.81,Caustic,4,2,1211,11
29-6-2020,3.32,Caustic,3,3,1237,12
14-11-2021,0.05,Fuse,2,0,437,6
11-4-2021,25.12,Rampart,8,5,1002,13
20-4-2020,17.14,Wraith,2,1,504,4
26-1-2022,16.21,Mirage,3,11,2645,8
27-11-2020,2.3,Gibraltar,3,0,339,17
1-4-2021,0.44,Bloodhound,1,11,1728,17
12-10-2021,22.96,Pathfinder,10,6,1534,19
21-7-2020,9.98,Lifeline,1,4,596,2
6-8-2021,0.77,Lifeline,0,3,256,17
6-8-2020,7.29,Caustic,0,5,607,7
14-8-2019,20.85,Caustic,6,7,1687,10
1-4-2020,17.58,Pathfinder,3,7,679,16
11-7-2019,18.81,Wraith,1,11,1218,4
15-6-2022,1.16,Wraith,15,3,2151,7
17-7-2022,22.93,Bangalore,5,14,2181,1
22-12-2019,13.5,Revenant,9,8,2553,16
18-11-2020,2.3,Mad Maggie,5,10,1309,4
22-9-2021,6.85,Crypto,2,11,1312,11
29-3-2019,3.55,Bloodhound,7,3,1674,7
10-12-2022,22.72,Rampart,3,3,715,4
3-4-2022,10.2,Gibraltar,2,12,1515,8
7-5-2020,20.71,Fuse,8,15,1363,7
2-10-2022,28.7,Revenant,11,4,2602,1
15-11-2022,8.53,Bloodhound,2,3,901,13
7-5-2019,6.72,Fuse,2,3,404,3
19-1-2021,17.16,Bangalore,6,4,660,14
9-10-2019,12.95,Octane,11,3,2566,4
11-8-2020,6.35,Rampart,2,0,275,13
22-2-2019,5.36,Bloodhound,5,1,1086,6
20-7-2019,29.24,Caustic,16,3,1657,9
25-11-2022,1.11,Bloodhound,5,4,535,13
12-1-2020,26.41,Crypto,10,7,3612,12
13-3-2022,17.92,Caustic,2,5,1144,4
14-6-2021,7.57,Gibraltar,6,0,1199,7
22-10-2022,0.76,Valkyrie,1,1,342,4
27-1-2022,25.78,Bangalore,2,9,1059,19
4-6-2021,19.68,Rampart,2,18,3201,5
22-9-2022,26.38,Octane,3,5,1316,8
14-12-2021,4.04,Octane,11,2,2713,8
19-11-2022,1.51,Caustic,8,11,2486,1
31-8-2019,14.16,Ash,2,4,424,7
14-3-2020,15.66,Wattson,13,13,3000,6
16-6-2021,14.73,Wraith,10,12,4380,20
2-9-2021,0.62,Pathfinder,3,6,718,20
25-9-2021,9.33,Lifeline,0,14,997,19
14-1-2022,13.94,Rampart,1,1,396,1
17-2-2021,28.06,Gibraltar,12,5,1298,4
4-12-2021,13.07,Caustic,10,3,2754,2
24-12-2021,26.02,Wattson,4,4,895,2
23-4-2021,28.88,Rampart,12,10,4369,13
26-7-2022,17.72,Wattson,5,5,744,18
26-11-2019,12.18,Bangalore,4,11,2768,18
18-12-2022,19.07,Pathfinder,13,9,2415,6
24-2-2022,26.68,Mad Maggie,2,2,649,3
17-11-2020,1.73,Fuse,9,2,889,11
15-1-2021,15.76,Gibraltar,1,3,502,3
3-6-2020,17.38,Pathfinder,8,3,891,8
28-6-2021,13.89,Ash,1,3,319,3
14-3-2022,13.71,Fuse,3,7,1306,9
1-9-2021,21.01,Pathfinder,6,8,1068,3
25-11-2019,2.41,Lifeline,16,3,2441,7
16-11-2021,5.35,Ash,0,14,2339,3
22-3-2020,13.23,Wattson,5,4,549,8
22-11-2020,24.95,Pathfinder,21,6,1873,14
3-6-2022,7.03,Caustic,0,1,112,5
26-5-2020,15.82,Crypto,4,2,920,13
11-1-2020,28.16,Bangalore,2,3,795,19
20-7-2021,16.53,Wraith,9,6,1042,11
14-5-2019,11.79,Crypto,5,9,1062,18
11-4-2019,1.89,Caustic,9,0,1920,13
8-12-2020,27.13,Gibraltar,8,4,2470,13
13-5-2021,11.16,Lifeline,17,10,2835,19
26-10-2022,13.09,Rampart,3,19,4199,15
1-5-2019,15.15,Caustic,1,1,229,16
8-10-2021,24.58,Gibraltar,3,6,1055,10
19-3-2020,17.58,Lifeline,1,2,290,2
11-3-2019,0.1,Mirage,2,11,2506,16
27-4-2022,12.24,Rampart,2,4,822,8
20-10-2022,20.67,Wraith,18,5,3847,13
29-8-2021,9.48,Fuse,10,2,1423,9
28-5-2022,25.82,Octane,2,4,1225,16
5-11-2022,4.13,Crypto,1,2,477,14
18-7-2022,15.51,Mad Maggie,2,1,542,4
12-9-2021,28.03,Crypto,2,6,721,12
16-12-2022,12.0,Lifeline,3,9,1074,9
20-12-2021,4.22,Mirage,6,14,1230,11
30-1-2021,12.48,Lifeline,1,3,488,17
15-7-2021,21.15,Valkyrie,13,12,3605,6
30-3-2020,15.01,Bangalore,2,1,389,20
21-6-2020,0.41,Lifeline,2,10,907,13
21-9-2021,25.85,Wraith,3,2,499,12
28-2-2022,29.73,Mad Maggie,12,4,1507,20
4-3-2020,18.81,Bloodhound,6,1,1417,7
19-6-2020,17.63,Rampart,1,5,940,15
21-12-2019,23.44,Pathfinder,17,7,1728,10
9-1-2021,18.76,Octane,4,4,1434,9
14-7-2019,8.74,Mirage,11,13,3944,10
22-1-2021,11.72,Bloodhound,1,1,133,14
20-12-2020,0.47,Gibraltar,7,5,1260,14
7-12-2020,24.81,Mad Maggie,18,9,5003,3
6-3-2020,15.28,Bloodhound,13,2,2378,4
9-5-2020,13.06,Mad Maggie,1,10,941,19
26-6-2022,3.73,Mirage,19,8,4065,6
18-9-2022,20.4,Octane,6,11,1901,1
3-7-2021,13.11,Pathfinder,15,7,2107,20
13-9-2021,23.65,Rampart,10,2,2296,8
3-8-2020,8.42,Lifeline,8,5,1385,2
4-6-2020,15.93,Ash,4,2,1120,17
29-10-2019,15.4,Mad Maggie,7,10,1853,1
26-7-2021,26.02,Wattson,6,2,1352,17
16-11-2020,9.89,Crypto,5,9,2611,12
21-1-2022,0.82,Pathfinder,3,1,592,19
20-6-2021,25.51,Wattson,2,12,1765,16
4-11-2020,1.45,Octane,1,0,117,2
23-6-2022,4.2,Valkyrie,1,1,379,10
22-2-2022,20.04,Wraith,2,4,609,17
30-4-2019,12.29,Mad Maggie,10,1,1391,2
27-6-2022,25.77,Crypto,2,8,1810,18
6-1-2022,13.79,Crypto,3,5,702,12
4-5-2021,17.23,Mirage,2,5,930,6
14-11-2022,2.25,Rampart,3,4,758,20
9-11-2021,18.18,Octane,9,19,3227,14
22-8-2022,9.1,Revenant,0,1,49,5
3-11-2021,7.69,Pathfinder,0,1,75,3
23-5-2022,9.26,Valkyrie,6,7,1304,4
21-2-2019,21.45,Bloodhound,18,3,2440,7
6-2-2020,26.06,Gibraltar,2,6,965,18
17-7-2021,5.56,Rampart,4,7,1195,3
16-2-2020,3.23,Bangalore,0,14,1688,16
7-9-2021,7.04,Bangalore,0,2,122,2
9-11-2020,7.85,Lifeline,16,3,2652,1
30-6-2019,5.13,Pathfinder,13,0,1482,15
24-10-2022,3.64,Valkyrie,14,18,5572,17
21-5-2021,21.68,Crypto,2,17,3558,12
20-10-2019,24.69,Rampart,5,6,1670,7
20-11-2022,25.5,Caustic,10,10,2352,4
29-5-2019,12.62,Fuse,8,6,2372,10
1-1-2021,1.74,Valkyrie,2,5,365,2
18-9-2022,26.93,Caustic,3,14,1808,18
12-4-2021,17.3,Valkyrie,4,8,1196,15
8-7-2022,26.66,Wattson,3,2,804,9
3-12-2020,29.26,Wattson,6,6,2405,18
5-11-2019,17.82,Bangalore,4,7,1124,17
29-5-2019,16.58,Mirage,14,4,3117,3
14-7-2020,29.69,Revenant,2,7,1246,5
1-7-2022,23.05,Octane,13,4,3871,4
25-5-2022,14.77,Gibraltar,8,1,1098,14
28-9-2022,13.09,Wraith,19,14,1925,8
16-7-2019,16.79,Pathfinder,3,2,1005,6
19-8-2021,18.05,Valkyrie,2,16,2417,10
4-4-2020,2.07,Pathfinder,12,5,1816,19
31-1-2022,26.31,Lifeline,4,7,2256,13
11-12-2022,12.24,Rampart,1,3,630,4
17-9-2019,28.17,Bloodhound,3,5,840,11
17-2-2020,25.56,Bangalore,2,13,1932,9
19-6-2019,24.74,Pathfinder,3,2,1046,4
11-3-2022,1.18,Octane,4,0,918,19
11-5-2019,29.27,Lifeline,14,11,2574,1
1-8-2020,13.86,Revenant,5,2,1493,6
29-4-2022,17.53,Gibraltar,1,2,352,4
24-10-2019,3.58,Crypto,2,0,257,3
10-4-2020,26.56,Wraith,2,14,1408,11
4-11-2019,11.28,Crypto,2,11,728,11
26-9-2022,16.0,Bloodhound,12,3,1295,3
25-2-2021,10.13,Revenant,6,7,1010,10
24-7-2019,22.39,Mirage,13,2,2987,9
6-11-2021,19.42,Ash,7,10,1456,13
3-1-2020,12.77,Bloodhound,1,8,1306,2
20-7-2021,6.28,Mirage,1,17,1560,3
8-1-2020,8.82,Bloodhound,2,0,238,1
24-1-2021,22.54,Gibraltar,2,2,760,15
3-3-2019,15.9,Rampart,13,1,852,4
26-4-2021,1.2,Revenant,9,8,1966,1
11-11-2021,12.0,Wattson,1,12,2027,17
1-11-2021,24.3,Mad Maggie,5,9,993,13
30-1-2022,16.63,Revenant,12,7,3768,19
29-7-2019,21.4,Valkyrie,3,5,844,5
9-11-2020,22.69,Caustic,13,3,2604,12
26-6-2021,16.0,Wattson,7,10,1935,6
31-10-2022,23.34,Fuse,13,3,2233,19
27-11-2020,3.58,Mad Maggie,8,5,2335,7
10-4-2022,25.39,Revenant,5,5,635,3
4-2-2021,16.52,Octane,8,5,1855,4
25-2-2019,29.96,Fuse,2,6,857,14
18-10-2020,8.82,Bangalore,8,2,2013,3
5-12-2022,21.96,Bloodhound,6,8,2627,17
18-8-2020,27.21,Caustic,4,2,1026,5
9-3-2022,7.25,Valkyrie,0,0,0,5
4-6-2019,6.33,Gibraltar,0,17,2752,16
13-8-2021,27.74,Fuse,4,19,1622,3
22-11-2022,14.35,Wattson,10,16,3484,14
11-9-2020,14.8,Ash,4,1,1064,6
27-4-2022,3.1,Crypto,4,0,386,8
23-11-2021,18.92,Caustic,4,1,766,1
1-8-2022,23.15,Caustic,4,2,1112,10
3-7-2019,24.9,Mad Maggie,10,2,1768,14
14-10-2019,23.62,Mad Maggie,11,10,4403,17
21-10-2020,18.64,Mad Maggie,12,5,2577,20
6-7-2019,3.73,Wattson,0,7,1245,20
19-2-2019,25.65,Rampart,4,13,1279,5
9-4-2020,4.88,Fuse,4,3,1325,19
25-8-2022,3.85,Bangalore,2,1,298,4
11-12-2020,3.21,Pathfinder,6,6,672,11
28-4-2022,6.33,Bloodhound,0,10,1288,10
6-4-2022,6.55,Valkyrie,15,5,2886,12
11-8-2022,23.23,Caustic,4,18,1495,18
22-7-2021,9.41,Caustic,6,1,1497,2
2-2-2022,12.97,Revenant,1,8,1514,1
16-8-2021,2.63,Revenant,9,5,1135,11
18-6-2021,20.25,Mad Maggie,2,2,688,8
20-9-2022,9.98,Revenant,2,1,228,9
18-10-2021,12.69,Rampart,18,11,4032,16
15-8-2019,5.68,Ash,1,1,146,17
7-8-2020,16.76,Valkyrie,1,2,559,15
13-6-2020,22.01,Rampart,2,14,1398,15
9-3-2019,23.87,Caustic,5,6,730,18
18-6-2020,29.12,Crypto,2,8,1006,5
26-2-2019,16.63,Bloodhound,5,14,1105,14
23-4-2022,29.95,Wraith,4,2,794,1
18-10-2020,7.95,Octane,3,8,2071,11
17-7-2020,10.56,Rampart,2,1,361,17
12-5-2022,8.35,Revenant,4,0,854,19
1-7-2019,28.91,Pathfinder,7,16,2880,6
19-11-2022,29.34,Crypto,5,8,1523,19
18-6-2019,8.01,Octane,0,5,268,13
24-11-2021,11.62,Revenant,1,5,890,15
19-3-2019,18.48,Octane,6,4,903,1
2-12-2022,15.88,Bloodhound,2,2,377,4
18-3-2021,2.65,Pathfinder,3,4,375,17
5-10-2020,17.14,Revenant,1,11,2277,3
8-2-2021,5.19,Lifeline,12,1,2320,9
15-6-2019,13.01,Wraith,2,2,447,12
1-9-2022,3.13,Mirage,10,2,1593,18
23-1-2021,9.89,Bloodhound,15,4,4241,11
24-11-2022,20.07,Lifeline,6,8,1290,12
21-5-2021,29.02,Mad Maggie,3,2,540,6
20-2-2022,8.91,Wattson,7,5,1840,5
8-3-2019,1.97,Crypto,3,3,426,9
18-4-2021,13.72,Revenant,3,5,1220,6
12-5-2022,8.4,Revenant,6,14,2492,14
2-12-2020,2.76,Wraith,2,3,872,19
11-6-2019,8.34,Wattson,3,0,343,4
17-9-2022,20.58,Ash,9,14,4241,17
2-12-2020,4.1,Wattson,10,5,3035,1
29-4-2022,9.91,Revenant,1,6,534,20
22-2-2020,15.03,Bloodhound,2,6,642,14
7-10-2020,25.16,Revenant,9,2,1367,12
7-5-2019,18.27,Caustic,15,3,2576,3
30-12-2020,8.45,Gibraltar,0,8,960,9
5-12-2020,25.5,Gibraltar,6,2,1421,5
17-8-2022,22.55,Octane,20,2,4263,5
19-9-2020,23.29,Rampart,7,10,1347,11
15-3-2021,16.22,Wattson,7,7,2680,10
24-4-2022,2.57,Bangalore,2,0,185,10
24-2-2021,9.8,Ash,4,1,576,2
18-5-2022,15.56,Ash,7,1,651,10
21-6-2020,20.13,Rampart,8,3,2028,13
15-3-2021,12.53,Crypto,11,2,2761,12
28-8-2019,7.57,Ash,2,7,1799,9
6-9-2022,5.17,Revenant,0,5,407,1
9-3-2019,13.45,Mirage,1,5,781,2
19-5-2020,17.67,Rampart,6,4,2167,8
1-11-2019,23.11,Fuse,2,10,2121,17
4-12-2020,6.34,Ash,1,2,564,1
26-7-2022,14.97,Mirage,6,2,824,12
3-3-2019,18.1,Wattson,11,9,2872,9
5-11-2020,26.14,Wraith,4,6,1634,19
6-4-2020,15.02,Caustic,10,2,1165,19
3-10-2020,21.34,Octane,5,13,2924,10
16-2-2021,22.23,Gibraltar,4,8,919,1
28-4-2022,16.76,Pathfinder,8,10,2474,19
30-9-2020,10.67,Fuse,10,18,3015,5
18-6-2021,19.49,Rampart,1,3,782,6
14-2-2022,24.37,Mirage,11,3,2118,5
1-11-2021,9.7,Ash,10,2,1510,10
21-4-2020,23.39,Valkyrie,10,4,2229,1
31-3-2019,19.88,Fuse,5,8,869,4
3-8-2022,4.01,Revenant,0,9,1372,18
29-8-2022,24.48,Ash,14,9,4966,12
2-7-2020,7.71,Wraith,4,6,1821,20
4-10-2020,21.41,Bloodhound,3,9,2084,11
17-9-2022,24.81,Bloodhound,3,5,1496,4
13-11-2019,9.79,Gibraltar,0,2,104,15
19-10-2021,4.39,Revenant,0,14,2025,3
25-5-2021,16.87,Crypto,3,1,584,9
18-4-2022,22.5,Caustic,7,10,1431,17
25-6-2021,15.03,Rampart,2,6,664,12
7-7-2019,16.26,Valkyrie,2,10,2146,7
15-3-2022,24.28,Gibraltar,11,2,1386,9
14-12-2022,6.37,Ash,12,1,2879,2
10-11-2020,5.74,Revenant,6,7,2705,7
23-2-2022,26.62,Crypto,15,3,1973,6
15-10-2021,28.09,Gibraltar,13,6,1853,8
28-11-2019,14.23,Mirage,6,7,1020,17
5-4-2019,9.38,Caustic,6,2,493,11
22-1-2022,21.08,Wattson,4,8,2102,7
14-6-2020,10.64,Caustic,4,6,1749,9
11-7-2021,28.8,Mirage,16,2,3070,20
29-5-2021,25.31,Revenant,4,10,1484,5
1-6-2022,15.04,Ash,1,5,680,7
2-11-2021,17.08,Gibraltar,6,10,2065,10
15-10-2020,15.68,Mirage,1,5,904,5
22-2-2022,15.88,Bangalore,11,4,2689,16
4-1-2022,13.11,Caustic,11,5,2907,19
27-7-2020,27.0,Rampart,8,2,1382,7
25-3-2022,0.51,Ash,7,0,1222,10
18-2-2022,2.84,Crypto,1,3,356,18
30-4-2022,23.82,Octane,3,2,824,6
31-10-2019,18.04,Octane,13,3,1384,20
17-5-2020,9.5,Ash,7,10,994,12
15-8-2019,16.74,Wraith,10,4,2299,16
4-9-2020,24.72,Caustic,5,11,1502,11
5-12-2019,18.61,Gibraltar,8,1,1123,11
21-8-2022,19.46,Pathfinder,14,13,2189,3
24-1-2022,10.0,Fuse,3,11,1359,14
28-12-2021,7.57,Wattson,11,16,2947,14
27-4-2020,22.06,Mad Maggie,17,2,2886,5
17-9-2019,25.54,Wattson,7,10,1590,6
5-3-2020,22.51,Valkyrie,6,11,3493,8
23-12-2020,13.24,Lifeline,18,3,2286,16
11-2-2022,5.49,Mad Maggie,8,8,2448,13
15-12-2019,24.41,Bangalore,3,7,1804,20
22-7-2021,26.74,Revenant,4,2,924,1
18-3-2022,28.34,Gibraltar,8,2,1360,12
7-2-2021,22.16,Ash,8,9,1160,17
28-3-2022,15.58,Lifeline,2,13,902,10
9-2-2019,19.75,Lifeline,2,1,171,13
14-6-2022,5.13,Bloodhound,10,0,628,13
12-6-2022,3.71,Octane,17,6,4796,2
25-10-2019,14.5,Fuse,8,5,2119,18
11-8-2022,22.45,Rampart,9,2,1668,11
10-11-2021,21.68,Revenant,4,3,965,8
11-10-2021,6.36,Mirage,0,2,360,5
28-2-2019,7.04,Caustic,4,2,1027,16
16-12-2019,17.13,Wattson,4,6,1046,9
23-5-2020,10.67,Bloodhound,2,2,465,6
26-10-2019,24.46,Gibraltar,9,14,1564,20
14-1-2021,26.27,Rampart,14,7,3826,8
10-9-2020,13.08,Gibraltar,2,4,1159,3
4-6-2019,10.49,Rampart,6,8,1518,4
22-7-2020,26.14,Wraith,12,14,3163,13
13-11-2019,16.62,Revenant,1,2,321,10
24-2-2020,5.22,Revenant,5,2,1497,12
3-4-2022,24.04,Crypto,5,6,590,20
21-3-2019,17.74,Mirage,1,12,742,3
13-7-2019,6.63,Ash,3,1,841,7
29-5-2020,6.4,Bangalore,8,2,1219,12
17-7-2020,29.18,Bangalore,16,4,2020,20
26-12-2022,16.61,Wattson,1,11,1185,16
5-5-2022,0.8,Bangalore,5,2,1594,8
10-10-2020,29.4,Wraith,2,2,337,13
11-1-2022,4.6,Octane,2,8,1585,19
14-9-2019,10.54,Revenant,7,16,4660,7
26-4-2020,26.72,Revenant,2,5,824,16
14-1-2022,22.85,Caustic,4,9,1465,11
25-6-2020,9.57,Wattson,15,3,1937,9
15-11-2021,17.83,Valkyrie,4,1,1107,18
30-9-2022,10.35,Revenant,15,8,2841,14
24-8-2022,12.65,Wraith,14,1,2485,6
12-10-2021,14.32,Wattson,2,7,1585,4
23-4-2022,14.82,Bloodhound,7,11,3079,20
29-3-2020,7.83,Caustic,3,8,963,5
27-11-2019,23.11,Octane,2,8,963,5
9-1-2020,19.58,Crypto,16,5,4088,5
31-1-2022,25.08,Fuse,16,18,5351,20
21-2-2021,22.33,Gibraltar,2,2,372,12
16-2-2019,19.01,Wraith,9,12,3602,1
25-5-2022,21.7,Mirage,5,3,1744,18
20-3-2022,0.37,Gibraltar,14,0,2453,18
30-7-2020,23.15,Pathfinder,3,18,3555,8
27-2-2019,26.0,Bloodhound,2,6,1535,12
21-5-2020,19.41,Octane,11,8,3941,12
9-12-2021,7.53,Bangalore,3,11,2148,18
7-8-2020,10.45,Rampart,12,11,1322,10
4-3-2022,23.63,Bangalore,3,10,2402,3
20-6-2022,4.62,Bloodhound,2,5,941,5
22-1-2020,13.75,Bangalore,13,1,2217,12
10-6-2021,7.86,Bangalore,3,8,757,7
7-12-2020,3.05,Wattson,4,5,1460,4
9-9-2022,13.84,Lifeline,9,2,649,16
25-6-2020,21.92,Wraith,9,11,1825,1
24-1-2020,20.77,Mirage,5,8,2329,8
14-3-2019,18.98,Octane,1,2,510,8
1-7-2021,1.73,Revenant,3,1,760,2
7-3-2021,25.15,Wraith,3,18,1517,2
10-5-2021,5.65,Fuse,11,5,2826,13
20-11-2021,18.92,Crypto,19,3,2046,16
27-8-2020,5.3,Gibraltar,5,3,1113,9
28-10-2020,6.11,Pathfinder,7,2,1554,16
5-2-2021,8.95,Bangalore,5,3,613,1
4-10-2022,3.99,Lifeline,11,10,2958,13
7-6-2019,0.98,Gibraltar,18,13,6271,15
19-2-2022,28.23,Revenant,9,12,4059,19
4-11-2019,5.53,Octane,1,5,594,17
8-9-2020,25.8,Lifeline,3,18,3034,12
18-11-2020,25.64,Pathfinder,5,12,2993,11
22-12-2022,2.91,Wraith,5,1,513,1
2-4-2020,12.33,Pathfinder,2,1,674,12
21-1-2020,22.28,Mad Maggie,12,9,3510,9
19-1-2020,20.64,Gibraltar,3,17,1201,18
9-10-2020,22.15,Pathfinder,4,7,627,2
10-8-2021,8.52,Wattson,12,0,2263,6
15-5-2022,20.8,Pathfinder,8,2,2103,1
30-5-2022,24.55,Caustic,4,5,1856,11
5-4-2020,8.8,Gibraltar,2,2,645,10
29-9-2019,16.89,Caustic,4,2,503,15
18-4-2021,5.69,Crypto,1,6,1006,16
9-9-2020,24.9,Octane,7,7,1815,18
25-11-2019,18.6,Revenant,1,1,254,12
20-2-2020,14.87,Mirage,3,8,1532,12
26-6-2019,15.1,Mirage,20,5,5272,3
7-2-2020,18.65,Lifeline,13,1,1570,14
4-7-2022,25.23,Caustic,10,3,1824,12
5-3-2020,4.07,Crypto,6,5,959,10
21-4-2020,29.21,Octane,7,2,1088,8
12-11-2019,24.21,Caustic,7,7,1286,2
25-8-2022,2.86,Wraith,14,4,1208,18
20-1-2021,9.33,Mirage,1,0,196,2
9-3-2019,22.96,Mad Maggie,5,12,2657,7
15-7-2022,1.03,Rampart,2,4,912,9
15-10-2021,18.14,Revenant,6,17,4086,18
13-4-2022,24.6,Gibraltar,2,7,645,6
11-8-2020,27.55,Bloodhound,6,9,2881,7
5-10-2022,2.64,Gibraltar,4,0,879,1
24-4-2019,1.83,Octane,5,1,1070,18
12-7-2019,5.25,Mirage,12,4,2163,12
12-1-2022,8.58,Mirage,5,6,650,7
19-11-2021,25.87,Wattson,5,15,1362,14
12-11-2020,25.41,Mad Maggie,4,2,490,14
19-3-2021,26.67,Valkyrie,2,10,1622,2
12-8-2019,26.49,Valkyrie,4,10,1628,12
21-5-2020,5.47,Valkyrie,6,6,1517,13
7-2-2020,2.9,Wraith,1,1,274,5
13-5-2019,7.49,Valkyrie,1,1,126,8
18-12-2022,2.28,Gibraltar,1,0,102,7
7-4-2020,18.43,Ash,9,11,3505,1
4-10-2020,28.0,Crypto,14,4,1665,8
12-7-2020,7.94,Fuse,2,6,1503,4
16-7-2022,7.27,Fuse,0,2,211,1
12-1-2020,5.24,Ash,1,4,704,7
3-4-2019,19.03,Bangalore,1,1,375,7
13-12-2021,27.59,Caustic,3,3,527,8
25-12-2019,0.1,Bangalore,8,5,1481,13
27-10-2022,3.71,Gibraltar,2,0,285,20
26-6-2019,20.71,Lifeline,3,4,1172,15
4-4-2019,10.31,Fuse,4,2,1012,14
18-10-2019,11.14,Bangalore,6,1,1310,18
15-6-2021,17.95,Ash,1,2,481,5
22-2-2020,11.53,Bangalore,5,13,1921,8
4-7-2022,28.95,Wattson,2,8,1857,4
22-7-2021,29.55,Gibraltar,7,7,2949,6
27-10-2019,11.15,Crypto,4,7,1723,19
22-5-2019,12.07,Wattson,4,13,2425,2
4-2-2020,8.09,Rampart,1,7,1272,9
21-12-2019,16.03,Mad Maggie,8,9,998,16
14-7-2021,10.23,Lifeline,3,10,2188,12
2-4-2022,15.33,Octane,1,3,399,8
9-5-2020,28.31,Bangalore,3,7,1701,7
1-1-2022,6.03,Bangalore,9,1,1797,19
26-5-2019,24.27,Valkyrie,2,6,688,11
12-9-2020,12.21,Bangalore,8,2,577,16
8-12-2020,21.34,Bloodhound,6,4,2077,8
6-6-2022,7.79,Fuse,4,0,299,19
4-3-2019,4.23,Mirage,1,5,684,19
10-8-2022,8.28,Octane,3,0,473,8
19-10-2021,0.59,Crypto,3,10,1058,14
8-11-2022,7.7,Fuse,1,5,505,7
20-12-2019,1.23,Rampart,3,2,991,5
12-12-2019,2.69,Rampart,8,2,1943,15
28-9-2022,25.09,Pathfinder,7,3,1363,14
9-1-2020,22.41,Bloodhound,5,14,2662,12
18-8-2019,16.86,Ash,6,3,685,4
15-9-2021,2.55,Mad Maggie,0,9,1610,1
23-6-2021,28.74,Gibraltar,7,4,2030,14
3-4-2020,24.89,Ash,2,2,430,5
8-7-2022,27.08,Rampart,7,13,2381,1
14-3-2021,12.88,Mad Maggie,1,3,724,5
18-6-2020,29.04,Mad Maggie,14,2,1367,5
1-5-2019,0.72,Wraith,17,14,5625,5
22-3-2022,21.81,Valkyrie,10,5,3291,4
10-3-2021,15.35,Ash,13,4,1663,6
24-2-2019,12.79,Lifeline,1,16,2357,5
31-5-2020,20.09,Gibraltar,19,12,5687,6
18-11-2022,12.2,Caustic,10,15,2657,6
16-12-2021,6.62,Wraith,6,15,3433,11
21-9-2019,24.25,Caustic,6,4,1139,13
19-1-2020,12.08,Rampart,1,7,1275,11
16-12-2019,21.06,Wraith,18,2,1484,4
22-8-2021,27.91,Revenant,5,2,419,4
16-6-2022,14.04,Valkyrie,1,12,1062,2
22-7-2022,20.89,Mad Maggie,6,4,988,4
29-8-2019,2.57,Pathfinder,7,1,1253,19
11-8-2022,14.88,Wraith,13,2,3219,5
23-10-2021,12.15,Rampart,1,9,1303,18
7-7-2022,25.16,Crypto,2,4,1193,9
17-5-2021,17.74,Wattson,12,1,1354,8
26-5-2020,9.75,Wraith,3,6,626,18
24-8-2019,3.12,Mirage,0,3,376,15
23-2-2020,8.55,Wraith,12,4,1653,12
17-6-2021,21.77,Mirage,2,8,1846,9
13-8-2020,12.74,Octane,11,4,1294,9
2-4-2021,14.83,Ash,1,13,1264,12
4-3-2019,28.17,Ash,5,6,2013,11
27-9-2022,14.99,Fuse,1,3,403,7
19-10-2022,17.77,Wraith,8,1,1339,20
13-12-2021,17.58,Rampart,11,2,1614,15
19-6-2022,6.98,Valkyrie,0,16,841,13
30-3-2020,19.3,Wraith,6,9,1132,5
14-11-2021,3.13,Valkyrie,0,6,459,11
3-8-2020,2.88,Octane,16,3,3097,19
14-11-2022,20.81,Octane,11,4,2924,14
1-12-2022,4.48,Ash,13,7,1137,3
21-6-2021,10.49,Wraith,2,1,369,8
16-12-2021,25.01,Wraith,9,16,3406,13
6-9-2020,20.73,Revenant,4,2,1000,18
17-1-2022,1.27,Revenant,8,10,2219,6
11-8-2020,6.11,Revenant,8,5,2095,15
23-3-2020,24.26,Ash,10,8,3558,11
23-12-2022,21.02,Valkyrie,2,18,2765,6
17-4-2019,22.48,Mad Maggie,4,3,583,18
27-9-2022,21.38,Crypto,9,2,2238,20
5-4-2019,28.77,Ash,4,2,497,5
27-6-2019,23.02,Lifeline,3,3,1201,11
27-10-2022,22.57,Crypto,2,2,515,20
2-5-2022,5.91,Mad Maggie,3,0,422,2
26-8-2020,2.06,Rampart,3,1,354,20
10-12-2020,15.32,Gibraltar,13,1,3303,9
31-7-2020,14.04,Bangalore,12,4,2828,9
8-3-2022,1.5,Wattson,5,2,474,2
5-5-2021,8.45,Crypto,14,8,3433,4
25-11-2019,27.4,Valkyrie,5,4,1389,2
17-1-2022,1.71,Crypto,4,0,343,19
5-3-2019,11.54,Wattson,16,13,2504,16
2-3-2020,16.58,Valkyrie,7,14,2539,19
22-6-2019,29.46,Mirage,4,10,2345,11
4-7-2021,19.34,Revenant,1,4,656,16
26-1-2022,14.0,Mad Maggie,7,19,2336,20
26-12-2020,15.44,Mirage,5,3,488,6
19-3-2019,7.82,Bangalore,14,4,2076,15
30-11-2022,27.74,Wattson,5,20,2347,11
26-12-2022,2.72,Wattson,4,14,2020,1
5-6-2022,17.85,Valkyrie,5,9,1354,8
6-2-2021,21.09,Rampart,2,2,807,15
7-5-2020,19.25,Octane,7,11,1347,4
12-11-2019,0.15,Gibraltar,2,11,1546,7
29-10-2019,9.33,Valkyrie,11,8,4062,19
13-1-2022,0.13,Bangalore,1,2,515,5
1-6-2021,1.89,Wattson,0,9,1540,11
15-5-2022,27.68,Pathfinder,2,15,1639,14
20-6-2021,0.85,Mad Maggie,1,11,1071,5
27-4-2022,23.3,Lifeline,2,15,2925,16
4-10-2021,27.93,Lifeline,11,3,2170,12
4-5-2022,10.32,Mad Maggie,2,2,820,2
16-11-2021,8.55,Wraith,4,5,1151,8
26-5-2020,26.24,Mirage,9,3,675,1
16-7-2020,9.39,Caustic,14,2,1679,11
1-6-2019,27.56,Crypto,6,5,2051,6
25-11-2020,21.89,Fuse,10,2,1628,6
15-9-2020,0.29,Valkyrie,6,4,1912,18
28-12-2020,10.54,Bloodhound,2,8,1217,8
30-5-2020,0.55,Crypto,11,7,3099,14
28-3-2022,12.24,Lifeline,2,3,1007,5
29-9-2019,8.46,Fuse,3,14,3261,2
26-12-2022,17.24,Gibraltar,1,7,611,19
11-3-2022,14.44,Mirage,1,13,1750,8
5-7-2021,18.83,Rampart,1,18,1334,4
6-8-2019,23.35,Fuse,3,3,663,19
13-10-2020,10.66,Gibraltar,2,14,1272,2
24-2-2020,29.48,Valkyrie,3,2,427,2
16-11-2020,5.45,Ash,3,1,267,12
16-2-2022,6.56,Ash,4,5,523,1
2-10-2019,7.82,Fuse,5,1,487,4
2-4-2019,14.77,Ash,4,1,451,13
21-11-2019,18.74,Rampart,1,2,514,12
17-8-2021,18.08,Wraith,3,18,3524,5
28-3-2020,11.43,Revenant,6,4,696,12
27-12-2021,24.46,Crypto,4,9,2228,20
27-11-2020,7.36,Octane,12,9,3092,17
11-9-2020,6.41,Mad Maggie,3,13,2773,2
5-7-2020,15.7,Rampart,1,1,210,8
6-11-2019,14.42,Pathfinder,3,3,600,20
23-7-2019,10.29,Wraith,5,4,493,5
8-8-2022,3.37,Caustic,14,5,2316,18
21-8-2021,21.36,Gibraltar,10,3,1273,17
1-8-2019,26.24,Mad Maggie,6,3,654,1
17-10-2019,16.06,Wraith,7,9,952,12
20-1-2022,23.94,Mad Maggie,5,8,1343,10
27-11-2021,3.35,Mirage,2,9,1602,14
23-3-2022,1.43,Ash,3,11,2260,15
14-10-2019,4.59,Bloodhound,5,0,1062,7
17-3-2022,27.99,Mirage,7,2,1180,20
30-9-2022,17.02,Octane,9,1,722,20
7-9-2022,3.49,Mirage,11,0,1618,15
8-6-2022,16.42,Bloodhound,1,1,144,7
3-7-2022,17.48,Fuse,10,7,2860,17
25-7-2020,1.52,Revenant,3,6,507,1
17-8-2021,19.6,Pathfinder,11,4,1475,14
23-7-2019,11.94,Wraith,4,10,2290,10
7-12-2020,3.27,Pathfinder,5,8,2669,10
10-8-2019,20.07,Bangalore,16,8,4804,1
20-6-2022,26.2,Gibraltar,17,2,2033,9
24-8-2022,17.35,Fuse,10,6,915,14
31-7-2021,27.53,Bloodhound,13,7,2295,18
18-1-2020,29.87,Bloodhound,18,4,5038,1
28-12-2019,8.34,Mirage,9,1,1037,3
17-8-2020,9.53,Crypto,11,5,1783,17
2-7-2019,15.5,Octane,11,1,2448,1
19-2-2021,12.32,Crypto,3,6,686,10
5-10-2022,25.07,Octane,10,6,1751,20
26-8-2020,8.61,Bloodhound,17,9,2848,20
1-8-2019,4.38,Mad Maggie,0,14,2120,12
6-9-2020,26.72,Fuse,6,17,1713,18
22-8-2021,0.81,Mirage,11,17,2053,10
21-10-2021,9.8,Bangalore,0,1,129,14
28-12-2020,22.51,Crypto,20,4,1627,4
23-2-2020,14.99,Wraith,5,9,976,8
11-1-2022,13.05,Mad Maggie,10,15,4250,10
10-5-2019,17.46,Mirage,1,2,445,11
20-6-2019,16.02,Bangalore,8,2,1581,6
13-7-2020,13.41,Lifeline,9,2,1484,14
3-3-2021,11.13,Caustic,1,12,2275,3
21-3-2022,12.44,Valkyrie,4,1,492,2
30-6-2020,0.21,Pathfinder,11,3,2793,11
11-12-2020,16.4,Mirage,16,1,2604,12
19-9-2020,11.39,Valkyrie,5,3,854,11
9-2-2019,2.87,Mad Maggie,4,7,619,6
24-8-2020,8.52,Mad Maggie,7,1,648,5
18-3-2019,11.98,Ash,5,8,2574,8
28-5-2022,16.2,Gibraltar,4,1,509,11
16-4-2019,8.6,Rampart,10,2,2288,15
10-7-2022,1.97,Crypto,1,7,870,9
20-10-2020,18.41,Bloodhound,14,5,2255,18
21-6-2022,18.32,Mad Maggie,1,3,455,19
18-12-2020,21.7,Bloodhound,2,2,349,5
1-9-2021,6.3,Pathfinder,6,14,2137,19
17-6-2022,13.32,Revenant,3,6,577,1
29-10-2022,4.69,Octane,8,3,1284,4
17-9-2019,7.34,Caustic,5,15,2681,20
25-9-2020,7.43,Bloodhound,8,5,874,19
20-2-2019,17.59,Rampart,15,3,1848,19
10-1-2020,14.88,Gibraltar,4,1,766,7
28-7-2019,24.16,Wattson,6,8,2549,3
17-8-2020,7.49,Pathfinder,0,1,125,14
12-2-2022,1.3,Wattson,3,7,1259,5
18-11-2022,28.23,Fuse,15,16,3612,16
5-10-2020,16.72,Fuse,13,6,2472,15
7-7-2020,13.88,Caustic,10,13,4082,18
12-12-2020,3.34,Bloodhound,0,1,110,20
19-11-2020,25.82,Crypto,8,13,2760,6
25-3-2021,18.77,Mirage,1,4,529,12
31-8-2020,25.11,Rampart,3,17,2315,20
5-3-2021,3.12,Fuse,0,0,0,11
26-4-2022,28.34,Octane,4,9,1088,18
26-7-2019,3.59,Mad Maggie,0,14,2012,13
15-6-2020,22.78,Pathfinder,8,4,2696,5
31-10-2019,12.31,Caustic,4,10,2005,1
9-8-2019,1.56,Fuse,8,1,699,10
23-9-2020,29.56,Rampart,5,3,497,1
19-5-2022,0.07,Ash,2,4,845,4
19-6-2022,5.02,Caustic,1,3,618,18
13-9-2019,4.03,Pathfinder,3,2,359,2
18-2-2020,20.87,Octane,2,6,1357,18
5-8-2019,10.27,Lifeline,2,12,936,12
22-7-2021,23.12,Pathfinder,2,14,2476,13
22-9-2020,28.62,Bloodhound,9,2,683,18
29-1-2020,3.86,Pathfinder,0,0,0,16
12-9-2021,24.85,Rampart,3,2,786,5
20-2-2020,0.77,Fuse,7,15,3335,2
12-4-2021,19.27,Wattson,8,1,1348,11
4-8-2021,0.61,Fuse,9,13,2133,6
10-3-2022,24.97,Bangalore,11,4,2229,6
12-11-2022,17.03,Caustic,1,3,598,15
3-5-2020,16.98,Ash,6,4,2165,4
26-7-2022,14.13,Fuse,1,4,868,14
21-4-2021,15.35,Ash,2,8,1666,3
3-5-2019,25.96,Ash,2,2,824,2
23-12-2021,21.48,Bloodhound,2,2,400,5
27-12-2019,0.07,Valkyrie,4,0,886,9
23-5-2021,9.8,Caustic,9,0,634,15
24-6-2019,18.06,Fuse,3,3,1135,7
13-7-2020,1.48,Bangalore,0,1,177,10
8-9-2020,9.7,Valkyrie,9,10,1981,4
4-11-2022,15.49,Wraith,19,1,2210,11
2-4-2019,10.21,Octane,6,1,474,13
19-11-2021,20.68,Mirage,18,2,1365,18
6-3-2019,21.04,Valkyrie,3,4,1424,13
11-1-2021,2.93,Wattson,13,6,3292,4
18-4-2020,4.36,Crypto,0,3,178,2
26-9-2022,10.18,Valkyrie,1,1,320,8
13-8-2019,1.31,Octane,4,1,701,5
1-6-2022,10.85,Mad Maggie,12,3,2142,19
29-5-2022,22.87,Octane,8,5,2581,18
22-1-2021,23.42,Valkyrie,4,2,464,11
31-5-2022,19.58,Fuse,3,2,378,5
26-8-2020,0.94,Bloodhound,10,6,2955,2
24-9-2022,2.29,Octane,15,0,1799,11
10-10-2022,0.9,Crypto,2,4,347,6
28-6-2021,13.07,Pathfinder,4,11,2777,2
27-3-2021,17.29,Gibraltar,1,3,226,3
12-2-2021,9.23,Octane,0,12,1336,4
21-1-2021,7.61,Mad Maggie,4,7,1012,12
22-10-2021,8.26,Mad Maggie,5,9,1585,3
6-2-2021,0.51,Wraith,3,10,2367,5
21-2-2021,14.26,Pathfinder,1,13,1759,14
9-9-2020,0.29,Fuse,0,0,0,3
4-1-2022,17.87,Wraith,2,19,1484,10
24-11-2019,28.23,Ash,21,20,7807,6
28-10-2019,29.62,Gibraltar,12,15,3816,2
30-6-2020,10.65,Lifeline,3,3,945,13
16-2-2022,6.01,Crypto,15,7,2427,18
19-11-2019,22.72,Caustic,19,3,3435,5
22-1-2020,22.3,Wattson,14,9,1508,11
17-4-2019,20.76,Octane,11,8,3348,19
8-1-2022,19.52,Bloodhound,4,2,510,2
27-8-2022,28.12,Octane,8,7,1766,15
11-10-2021,12.56,Mirage,5,9,2565,6
7-9-2021,0.04,Wattson,6,0,932,20
15-6-2021,14.37,Mirage,12,1,2670,4
1-11-2021,25.83,Wattson,2,5,1212,16
30-7-2020,16.37,Mad Maggie,7,10,3516,7
26-11-2019,0.78,Pathfinder,2,5,1019,13
16-9-2020,18.42,Mirage,7,5,2524,20
19-12-2019,9.55,Mirage,9,2,887,15
20-2-2022,2.63,Mad Maggie,5,12,1796,16
21-7-2019,8.25,Revenant,4,0,424,10
23-10-2022,25.79,Bangalore,13,5,3799,1
17-1-2020,20.54,Bloodhound,20,8,1790,19
6-9-2021,22.76,Bangalore,9,5,1857,10
15-6-2021,23.35,Caustic,7,8,2731,9
17-11-2022,5.09,Valkyrie,7,7,2469,20
17-1-2022,11.85,Crypto,3,5,518,15
26-2-2020,21.91,Mirage,2,4,982,3
10-10-2019,20.84,Caustic,8,8,2718,17
24-9-2020,11.4,Revenant,10,4,2261,3
11-6-2020,21.12,Crypto,9,2,1390,12
12-9-2020,3.41,Pathfinder,4,6,1854,4
30-5-2019,23.21,Fuse,5,11,1661,2
15-3-2020,15.45,Octane,13,5,2060,15
30-3-2019,9.43,Crypto,8,0,1682,12
29-10-2019,22.12,Valkyrie,8,2,1201,12
8-9-2020,19.01,Fuse,3,12,2823,1
20-1-2020,26.48,Rampart,2,2,620,6
14-1-2020,25.34,Crypto,13,14,2815,3
9-12-2021,21.14,Ash,5,2,1326,7
29-7-2019,9.3,Mad Maggie,1,5,1002,6
12-6-2019,13.01,Ash,10,2,1610,17
30-3-2022,10.48,Wattson,7,6,1414,7
31-7-2022,12.77,Fuse,2,1,599,11
25-3-2020,16.17,Pathfinder,1,4,664,9
29-6-2021,21.26,Mad Maggie,4,15,1825,20
27-12-2022,20.22,Caustic,16,9,3871,7
9-3-2022,3.43,Octane,13,0,1907,8
26-11-2020,20.56,Bloodhound,8,7,1213,3
27-5-2022,14.25,Revenant,6,2,928,14
22-2-2020,3.45,Bloodhound,8,13,2906,10
22-12-2020,3.9,Revenant,8,5,1210,1
14-8-2022,1.01,Crypto,6,13,2284,12
18-4-2020,14.54,Ash,7,3,1572,4
19-10-2019,27.2,Fuse,7,4,1682,9
5-5-2019,14.4,Bangalore,1,3,478,7
6-5-2019,28.38,Gibraltar,7,2,1620,20
26-6-2019,29.12,Mad Maggie,8,13,2446,15
17-11-2021,29.54,Gibraltar,5,16,4126,3
19-2-2021,28.58,Wraith,3,2,987,14
12-4-2022,13.59,Gibraltar,5,4,1369,11
15-1-2021,20.75,Bloodhound,11,9,2309,4
21-7-2022,7.18,Mad Maggie,0,2,136,9
22-10-2020,20.17,Ash,6,5,1430,14
9-10-2022,3.32,Bangalore,0,8,1216,8
20-6-2020,19.91,Bloodhound,7,2,642,5
2-4-2019,11.66,Caustic,8,5,2095,3
13-12-2022,7.11,Gibraltar,6,12,1354,16
2-11-2020,12.28,Pathfinder,7,1,839,19
8-10-2021,23.52,Octane,4,2,611,12
20-4-2020,19.39,Crypto,6,3,2018,3
18-9-2020,7.82,Pathfinder,0,1,160,13
25-5-2021,8.3,Gibraltar,2,3,938,10
19-8-2021,16.8,Revenant,3,3,400,19
12-3-2019,20.78,Mad Maggie,10,4,1871,1
19-5-2022,14.53,Wattson,6,7,1345,19
30-8-2020,21.96,Wraith,6,4,980,8
14-4-2021,23.02,Crypto,7,2,785,15
3-3-2021,28.83,Gibraltar,2,3,787,13
8-6-2019,1.1,Fuse,2,17,2401,20
21-4-2021,16.97,Bloodhound,11,1,2225,7
14-9-2022,19.38,Valkyrie,8,10,3415,10
23-1-2020,11.05,Octane,6,1,508,5
1-3-2021,14.74,Bloodhound,1,19,2465,16
6-9-2020,4.45,Rampart,1,0,175,12
16-10-2020,1.3,Mad Maggie,1,14,2138,10
4-2-2020,28.43,Revenant,2,2,374,1
26-11-2019,8.41,Ash,2,1,506,19
16-9-2021,1.35,Mirage,10,1,1001,8
2-11-2021,25.55,Fuse,2,13,1650,20
9-7-2019,4.24,Caustic,0,5,554,12
8-3-2019,25.84,Bloodhound,5,5,1004,11
9-6-2020,8.01,Bloodhound,8,5,2715,8
4-4-2020,22.73,Mirage,2,16,1858,6
5-7-2021,12.25,Mirage,2,3,690,1
18-11-2020,24.25,Mirage,3,10,2530,18
13-3-2019,20.87,Mad Maggie,2,12,1303,20
24-2-2019,19.62,Crypto,15,2,3815,15
24-12-2020,7.49,Rampart,0,1,185,2
23-11-2020,7.63,Mirage,5,1,1162,15
14-9-2021,18.29,Octane,5,4,881,16
2-8-2022,20.9,Mirage,2,2,295,10
15-11-2020,24.93,Valkyrie,13,5,3792,12
24-2-2019,25.99,Revenant,7,15,3584,1
14-9-2021,28.34,Fuse,2,14,1914,16
20-5-2022,10.81,Caustic,6,13,3434,11
27-10-2022,29.91,Lifeline,4,13,1112,12
5-11-2022,5.64,Crypto,9,14,2525,5
26-5-2021,3.97,Valkyrie,6,11,3165,17
27-12-2019,15.72,Wraith,8,3,1394,6
19-10-2020,3.18,Mad Maggie,11,6,1616,17
5-5-2021,4.02,Caustic,0,1,141,14
18-3-2020,2.14,Lifeline,13,10,1366,17
16-4-2022,24.27,Crypto,4,13,3146,14
25-2-2019,1.52,Mirage,2,9,980,11
3-3-2022,1.01,Ash,18,1,2011,9
1-5-2021,24.13,Ash,3,8,1284,10
8-9-2022,13.39,Pathfinder,7,4,2120,13
31-1-2021,18.65,Crypto,1,1,240,11
20-11-2019,23.26,Bangalore,14,12,2894,5
16-6-2019,1.4,Valkyrie,8,0,1307,10
4-7-2021,15.81,Fuse,11,10,1462,9
4-10-2019,24.94,Crypto,2,7,594,5
27-6-2022,5.74,Wattson,0,7,1069,2
15-12-2022,27.89,Crypto,7,4,2055,3
11-11-2021,26.73,Octane,13,2,2623,16
29-3-2019,22.39,Rampart,8,2,719,2
25-12-2019,24.26,Revenant,10,5,1555,12
22-5-2019,22.43,Fuse,16,3,3293,19
8-11-2022,21.15,Bangalore,13,5,3479,11
20-1-2022,1.22,Caustic,4,6,1275,14
22-7-2022,21.95,Crypto,13,9,1703,3
1-10-2022,7.86,Ash,1,1,316,4
12-2-2019,3.22,Mad Maggie,0,9,1689,6
11-1-2020,10.19,Mad Maggie,7,9,1210,7
13-3-2019,25.28,Mad Maggie,11,5,3053,9
3-5-2022,28.44,Mirage,7,4,1777,3
29-6-2022,25.99,Mirage,4,7,594,3
5-9-2020,18.0,Lifeline,4,13,2334,9
8-5-2022,10.92,Mad Maggie,3,1,427,2
29-10-2019,7.69,Revenant,3,1,474,2
17-3-2022,11.0,Valkyrie,2,5,757,14
11-9-2020,21.21,Valkyrie,5,9,1539,18
19-7-2019,8.74,Valkyrie,2,1,608,3
3-7-2020,2.94,Wattson,9,6,1290,2
10-4-2019,9.04,Lifeline,1,6,613,7
4-10-2021,6.04,Crypto,8,2,2083,15
14-7-2022,5.4,Octane,4,5,812,9
24-4-2020,23.49,Valkyrie,11,3,1564,8
27-7-2022,5.12,Bangalore,10,7,981,19
24-10-2022,25.41,Wattson,5,2,820,16
17-11-2019,28.35,Bloodhound,16,6,3008,13
22-11-2020,14.15,Fuse,7,14,1871,7
25-4-2020,20.28,Mirage,8,15,4068,17
27-12-2022,3.06,Ash,9,1,1481,15
6-7-2021,25.17,Bangalore,11,11,2127,8
4-2-2021,22.7,Wraith,6,14,1861,12
26-5-2022,9.93,Mirage,0,1,193,12
8-1-2021,17.93,Valkyrie,10,6,1324,11
20-8-2022,18.82,Octane,1,4,739,14
30-7-2020,16.48,Wattson,10,7,2322,8
17-7-2019,20.33,Pathfinder,4,3,974,10
4-8-2022,2.48,Crypto,1,3,689,19
8-9-2020,16.72,Valkyrie,5,14,1046,8
3-7-2021,28.97,Mad Maggie,2,2,611,4
22-3-2020,20.92,Revenant,2,6,1023,9
15-2-2021,0.63,Octane,5,0,440,19
22-11-2022,10.07,Fuse,10,1,2244,15
10-7-2020,15.19,Bangalore,12,1,2689,2
13-8-2021,10.39,Fuse,9,5,2104,14
25-2-2022,28.14,Fuse,15,6,3686,7
11-10-2021,1.16,Pathfinder,16,0,1085,13
14-2-2019,0.78,Rampart,5,13,1565,1
25-3-2019,11.69,Wraith,2,4,1088,9
5-7-2019,29.11,Wattson,10,13,1399,4
3-5-2020,28.41,Crypto,2,4,656,10
20-10-2021,4.56,Revenant,4,14,2657,16
4-8-2022,28.62,Octane,5,13,2881,18
6-9-2021,19.7,Wraith,1,2,398,19
1-10-2021,0.39,Wattson,8,3,1314,5
15-11-2020,21.81,Revenant,9,3,926,9
7-2-2020,26.85,Mad Maggie,10,2,2346,7
4-6-2022,0.34,Mirage,1,5,959,10
26-12-2022,1.3,Ash,0,4,242,10
1-10-2019,6.04,Bangalore,1,5,976,13
8-6-2020,3.15,Rampart,0,5,392,6
16-5-2022,12.68,Fuse,19,11,4554,7
22-11-2019,7.9,Mad Maggie,11,17,1797,17
26-6-2019,0.98,Pathfinder,3,7,1431,20
21-4-2022,0.97,Mirage,11,14,3351,15
30-8-2022,18.99,Bloodhound,1,3,235,20
24-6-2022,25.9,Wraith,9,8,2732,14
2-6-2021,23.35,Wraith,7,11,2114,7
24-3-2021,24.15,Fuse,13,8,1346,19
23-3-2020,24.45,Ash,3,8,1009,15
13-3-2019,27.54,Ash,7,9,2906,7
12-1-2020,29.77,Revenant,8,7,2639,1
13-12-2021,13.46,Crypto,3,17,1573,17
2-12-2021,4.27,Rampart,1,5,368,11
27-6-2021,2.22,Gibraltar,7,12,1077,18
26-12-2021,26.53,Caustic,19,14,6253,6
12-8-2020,4.4,Bangalore,3,0,665,13
11-3-2020,21.43,Wattson,7,7,1043,14
10-10-2021,14.87,Pathfinder,8,1,1001,4
14-11-2019,6.97,Rampart,0,2,203,9
4-11-2021,25.55,Rampart,15,11,1506,13
2-1-2021,1.52,Fuse,10,0,662,7
23-1-2022,2.8,Mad Maggie,13,2,1736,3
10-4-2022,18.44,Mirage,8,3,1491,19
6-8-2021,29.56,Lifeline,10,3,1068,5
11-5-2021,21.75,Bloodhound,14,5,4133,11
17-10-2020,18.01,Lifeline,14,3,3079,12
12-11-2021,19.69,Valkyrie,1,5,783,10
6-4-2021,27.6,Bloodhound,4,9,2355,8
26-2-2021,28.21,Caustic,3,2,942,10
21-9-2021,4.45,Valkyrie,2,5,526,3
26-2-2021,18.15,Bloodhound,6,1,680,17
23-9-2021,0.23,Valkyrie,1,1,338,5
22-10-2021,23.42,Revenant,11,3,2062,10
12-12-2019,14.62,Valkyrie,1,9,1588,3
4-3-2021,15.66,Ash,1,2,198,6
23-7-2019,26.69,Fuse,11,7,1807,10
9-8-2020,1.72,Bloodhound,2,3,425,1
26-6-2019,6.37,Caustic,3,2,1004,19
8-6-2019,3.94,Ash,18,6,3941,7
23-9-2022,11.97,Valkyrie,3,11,2141,19
30-12-2022,11.01,Pathfinder,3,3,858,9
3-4-2020,21.36,Mirage,7,9,1473,1
20-5-2019,15.84,Octane,5,1,1061,7
14-11-2020,25.45,Lifeline,12,5,3752,10
22-2-2022,21.98,Valkyrie,9,6,1791,2
22-5-2019,4.75,Pathfinder,4,0,652,8
2-12-2022,24.0,Octane,2,14,2284,17
21-7-2019,0.09,Crypto,3,5,1490,16
10-12-2022,12.96,Lifeline,14,9,1632,7
13-5-2020,5.44,Crypto,1,13,2544,13
28-8-2020,3.34,Revenant,5,0,1213,12
11-8-2021,24.31,Mirage,4,2,1201,6
4-3-2022,28.63,Rampart,2,15,1516,20
6-11-2022,10.05,Fuse,1,5,980,3
20-9-2021,29.58,Caustic,3,8,979,16
27-9-2020,21.74,Valkyrie,10,4,2791,3
27-3-2021,19.64,Wattson,10,7,1902,9
12-3-2021,18.06,Ash,6,1,582,2
2-1-2020,7.25,Caustic,1,12,1149,15
27-2-2020,21.23,Gibraltar,5,2,750,17
1-1-2020,2.41,Gibraltar,8,4,2256,10
19-11-2020,20.51,Mad Maggie,4,4,1155,12
2-4-2020,5.28,Mad Maggie,0,11,1424,5
22-6-2021,8.57,Fuse,7,3,792,20
9-6-2020,21.97,Bloodhound,6,3,1693,2
17-5-2021,7.61,Revenant,0,6,315,7
13-8-2021,10.49,Rampart,14,9,2987,17
22-11-2021,14.15,Fuse,4,6,1942,1
31-8-2019,12.41,Rampart,2,1,202,19
7-7-2019,1.37,Octane,1,4,836,5
16-6-2022,7.92,Lifeline,5,9,1740,10
9-9-2021,20.99,Bangalore,5,4,1762,2
11-10-2022,17.63,Lifeline,1,1,360,11
27-8-2020,20.31,Lifeline,11,2,2414,13
28-11-2019,28.39,Octane,4,7,1775,2
20-8-2019,6.86,Bangalore,8,1,1577,20
19-8-2022,12.77,Caustic,3,2,968,16
25-8-2021,20.91,Revenant,8,2,892,8
1-5-2021,19.16,Valkyrie,7,3,882,8
13-6-2021,14.56,Fuse,9,2,1342,8
23-7-2020,29.9,Revenant,14,6,3202,10
22-10-2019,0.76,Bloodhound,1,0,76,6
15-3-2019,17.0,Gibraltar,15,14,4070,19
15-1-2021,23.23,Bangalore,3,2,350,2
11-8-2020,20.45,Bangalore,4,6,1146,18
2-3-2019,20.09,Wraith,10,2,897,10
23-5-2020,13.82,Crypto,4,8,1678,1
22-10-2022,12.59,Bangalore,2,2,351,17
19-3-2019,19.5,Bangalore,1,1,164,16
30-9-2021,28.87,Gibraltar,3,15,2190,12
30-11-2019,14.93,Crypto,3,8,1611,18
13-9-2022,5.1,Pathfinder,5,1,1260,8
2-12-2021,19.1,Gibraltar,5,5,860,13
13-12-2019,11.79,Mad Maggie,5,10,2460,18
29-1-2021,3.0,Wraith,4,2,433,5
10-1-2022,3.33,Mirage,11,7,1559,14
14-6-2021,2.67,Valkyrie,1,10,1168,6
6-9-2020,23.3,Valkyrie,6,2,1146,16
16-12-2019,14.68,Valkyrie,9,14,4026,18
1-2-2021,2.72,Ash,0,3,335,3
28-2-2020,1.07,Revenant,1,13,2374,6
9-1-2021,8.25,Revenant,8,7,2655,12
15-7-2022,14.89,Valkyrie,6,3,1990,7
27-12-2021,6.85,Wattson,6,9,949,16
11-11-2019,5.87,Rampart,1,2,339,2
3-1-2020,1.95,Mad Maggie,0,8,1183,8
18-11-2020,11.66,Caustic,10,4,2024,1
18-8-2022,6.68,Caustic,3,5,1242,7
6-5-2022,11.69,Bangalore,7,11,3168,9
23-7-2021,12.25,Bangalore,15,4,2660,20
23-6-2019,24.74,Revenant,9,5,2167,16
22-8-2022,14.84,Valkyrie,3,2,852,16
27-5-2022,20.14,Crypto,2,9,853,14
3-10-2021,15.99,Fuse,1,1,326,15
9-11-2019,10.16,Pathfinder,6,1,1125,13
19-12-2022,21.77,Mirage,7,2,2014,19
15-11-2019,25.99,Crypto,8,10,2706,20
28-9-2020,18.76,Bangalore,4,12,1096,14
18-12-2019,23.48,Mirage,5,6,1310,5
27-1-2022,4.06,Ash,2,2,794,12
19-9-2019,19.17,Bangalore,4,6,1077,8
1-1-2020,17.07,Wraith,1,2,349,9
11-6-2020,5.83,Mirage,6,3,1530,9
23-7-2020,10.66,Rampart,11,1,1335,1
9-5-2019,16.68,Wattson,4,3,805,20
10-10-2019,24.38,Lifeline,11,2,2799,14
18-6-2022,8.16,Bloodhound,7,2,1142,18
21-5-2021,15.05,Bangalore,14,1,2682,18
14-3-2019,17.97,Wraith,9,1,769,14
13-10-2019,4.3,Mad Maggie,3,5,1083,15
10-3-2022,8.28,Wattson,1,1,335,12
17-11-2022,0.96,Mirage,2,0,170,10
14-3-2020,18.63,Rampart,18,3,2042,8
8-5-2019,26.04,Bangalore,11,2,2760,2
20-11-2020,3.48,Fuse,0,1,85,4
5-6-2022,29.2,Revenant,2,5,499,13
25-3-2020,17.15,Lifeline,5,5,938,8
12-10-2021,22.41,Gibraltar,12,3,2061,14
29-5-2021,3.98,Pathfinder,6,2,945,10
3-4-2022,8.26,Octane,0,1,130,8
29-3-2021,24.68,Caustic,6,11,3355,14
12-2-2022,4.09,Mad Maggie,13,2,2041,7
30-8-2019,27.22,Caustic,14,7,4504,10
14-11-2019,24.29,Bloodhound,3,8,953,12
23-3-2022,22.77,Mirage,12,4,2547,8
15-11-2021,8.1,Bangalore,4,4,1744,19
27-1-2021,19.73,Mirage,2,2,553,1
17-4-2021,13.48,Octane,6,7,2025,2
27-3-2019,16.06,Mad Maggie,2,4,1058,15
16-4-2019,29.36,Ash,17,10,5788,11
8-6-2022,28.45,Caustic,3,8,2188,7
25-10-2020,23.72,Wattson,2,3,755,5
11-11-2020,25.28,Lifeline,4,3,407,19
17-4-2021,5.85,Ash,5,8,2334,7
14-12-2019,21.48,Bloodhound,5,12,1776,12
12-8-2019,8.67,Wattson,1,6,1330,17
28-6-2019,23.07,Bloodhound,8,17,5049,16
21-5-2022,28.16,Fuse,4,10,1716,19
20-11-2022,16.34,Mirage,5,3,506,20
10-8-2021,6.89,Octane,2,14,1778,12
21-11-2022,20.96,Fuse,2,3,414,4
1-9-2020,4.24,Mirage,1,2,171,1
4-11-2020,22.23,Rampart,3,2,441,8
9-2-2022,8.06,Caustic,4,6,1421,15
23-8-2020,29.48,Rampart,9,3,1415,20
28-9-2022,29.58,Rampart,5,6,1817,4
7-4-2019,18.56,Revenant,3,2,851,7
6-5-2020,28.08,Bangalore,10,3,1043,8
2-7-2021,2.22,Revenant,0,3,376,3
16-8-2019,8.01,Wattson,8,0,1877,19
12-6-2020,27.99,Caustic,2,7,1498,4
1-7-2020,16.45,Fuse,1,13,1269,11
1-11-2020,23.99,Valkyrie,16,13,3854,9
2-8-2020,28.34,Fuse,3,6,898,20
29-8-2021,19.86,Crypto,10,17,2475,1
8-12-2021,10.1,Mirage,3,7,1243,16
5-10-2022,23.06,Pathfinder,10,8,3351,19
8-5-2019,28.03,Bangalore,6,2,519,6
5-11-2021,26.42,Mirage,17,11,5611,14
2-12-2022,25.33,Revenant,2,6,1089,3
22-5-2019,26.65,Gibraltar,4,9,940,11
26-11-2020,17.56,Wattson,6,18,1989,6
17-12-2021,24.78,Wraith,3,2,1065,7
7-10-2020,6.42,Revenant,6,1,809,10
7-7-2022,23.51,Revenant,19,15,2906,17
16-5-2022,13.48,Mad Maggie,8,1,1107,18
6-9-2021,14.28,Bloodhound,1,1,112,17
28-3-2021,24.67,Mirage,3,3,545,15
16-4-2022,9.88,Revenant,5,6,1997,13
22-9-2022,11.45,Crypto,6,8,1952,10
1-5-2022,12.91,Wattson,7,5,738,4
8-3-2020,4.95,Valkyrie,1,2,433,2
29-11-2021,12.08,Gibraltar,17,3,3527,18
30-6-2019,16.46,Mad Maggie,4,9,1705,16
19-8-2021,12.41,Bloodhound,3,1,830,18
9-3-2020,22.19,Mirage,9,5,2595,19
25-12-2020,19.15,Lifeline,6,3,1518,13
5-9-2019,28.35,Revenant,2,2,498,4
17-11-2019,15.48,Caustic,5,2,498,9
7-12-2021,3.81,Revenant,2,11,1309,10
8-1-2020,26.77,Crypto,8,11,1408,10
6-2-2021,16.2,Gibraltar,4,1,1020,16
7-4-2021,18.75,Fuse,8,7,2409,6
14-3-2020,29.52,Octane,9,3,1214,6
12-9-2021,4.43,Mad Maggie,5,2,725,1
29-9-2020,2.36,Wattson,0,6,307,9
15-10-2020,0.52,Bloodhound,3,7,1336,13
8-7-2020,16.57,Octane,3,9,1830,9
6-12-2019,25.45,Wraith,9,2,986,10
9-5-2020,21.98,Pathfinder,3,9,1279,14
22-2-2020,26.35,Valkyrie,8,7,3090,6
21-5-2022,7.71,Mad Maggie,1,8,1595,7
28-1-2021,12.15,Pathfinder,2,5,1262,18
25-2-2019,28.85,Fuse,3,4,544,18
15-10-2020,11.57,Fuse,8,3,1406,15
27-11-2021,26.03,Crypto,3,4,1089,12
14-10-2021,15.48,Wraith,1,3,495,20
2-10-2022,24.21,Mad Maggie,2,4,755,5
3-11-2022,1.95,Mirage,3,11,2355,17
5-8-2022,10.52,Wraith,10,14,3961,13
7-5-2019,10.0,Revenant,1,2,271,10
9-6-2021,18.21,Valkyrie,2,2,476,20
11-5-2021,3.89,Rampart,0,4,767,9
4-3-2020,17.35,Gibraltar,10,5,2577,20
31-5-2021,20.82,Crypto,5,4,818,4
5-11-2022,5.38,Ash,1,0,103,3
23-9-2022,29.54,Mirage,2,7,748,11
7-6-2020,3.81,Octane,1,3,386,2
16-7-2019,12.6,Ash,5,2,604,11
22-9-2020,24.23,Fuse,2,5,568,16
24-8-2021,21.3,Mad Maggie,7,14,3188,2
16-4-2020,10.52,Mad Maggie,6,3,711,5
28-3-2022,1.39,Caustic,4,15,1868,8
14-12-2021,9.49,Valkyrie,7,16,2005,15
25-2-2021,20.68,Wattson,2,7,1560,20
19-6-2020,25.45,Rampart,7,8,2898,4
8-3-2022,24.53,Mad Maggie,3,10,2520,16
19-6-2019,10.84,Mad Maggie,2,4,1169,1
18-8-2019,19.57,Wraith,1,7,942,10
21-5-2021,5.42,Ash,1,8,927,4
19-10-2022,14.99,Ash,1,9,1240,5
4-4-2021,3.68,Mad Maggie,1,5,387,18
8-8-2021,10.73,Mad Maggie,10,1,1567,5
14-2-2021,12.24,Bangalore,2,1,410,15
7-8-2021,20.16,Caustic,8,3,1311,8
5-5-2022,4.66,Bangalore,0,8,938,14
11-4-2020,3.44,Crypto,0,1,63,3
17-6-2022,12.73,Mad Maggie,5,1,914,15
9-4-2021,7.26,Caustic,0,2,346,17
14-9-2019,11.91,Caustic,11,16,1793,4
26-11-2019,2.85,Bloodhound,1,1,367,13
27-12-2021,23.04,Revenant,3,6,1714,7
27-8-2019,18.54,Octane,3,6,1088,4
31-12-2022,15.32,Wraith,5,2,580,9
18-3-2019,3.03,Bloodhound,0,9,1315,6
16-6-2022,26.78,Gibraltar,3,2,870,3
25-11-2022,18.28,Bangalore,18,1,3053,8
4-10-2022,0.19,Bloodhound,4,1,423,4
6-11-2020,23.71,Mad Maggie,3,5,857,13
17-9-2022,3.05,Caustic,2,7,667,11
14-10-2019,13.76,Bloodhound,2,9,1716,20
18-6-2021,2.02,Mirage,2,9,1344,15
24-10-2022,2.91,Rampart,6,1,1145,2
3-3-2021,14.76,Caustic,15,10,3575,7
24-12-2020,1.13,Fuse,7,3,1235,2
10-4-2019,8.03,Ash,0,2,103,16
20-4-2020,18.11,Revenant,5,5,822,10
31-5-2022,20.35,Rampart,9,2,994,20
29-3-2021,25.07,Gibraltar,2,7,1280,19
10-8-2019,0.12,Rampart,2,3,938,10
28-2-2022,2.33,Revenant,10,0,1353,20
19-10-2021,24.74,Gibraltar,17,13,4633,1
18-7-2021,8.91,Bloodhound,0,10,1502,1
13-9-2019,14.22,Ash,1,3,638,1
21-10-2019,2.73,Revenant,0,0,0,2
2-3-2021,8.89,Bloodhound,4,3,679,8
14-1-2020,13.31,Rampart,3,4,1143,18
22-10-2020,6.92,Ash,1,9,1395,11
12-10-2021,23.79,Revenant,2,8,1172,3
2-4-2021,18.7,Crypto,4,2,1005,1
21-4-2021,26.21,Caustic,14,2,2780,2
26-4-2020,26.69,Lifeline,7,2,959,11
10-11-2019,28.6,Wattson,12,11,2225,5
11-12-2020,24.08,Wraith,8,3,665,12
6-8-2022,19.29,Valkyrie,14,3,3699,11
16-6-2019,17.85,Wattson,5,1,1175,6
22-1-2020,10.25,Ash,1,6,483,8
9-9-2021,3.05,Octane,0,1,73,4
18-6-2019,16.84,Valkyrie,1,1,152,17
30-5-2020,19.49,Caustic,7,15,2349,15
24-10-2020,9.3,Gibraltar,15,1,2396,16
24-5-2020,3.39,Bangalore,2,1,407,10
18-8-2021,6.28,Mad Maggie,2,2,676,20
21-9-2019,1.39,Caustic,2,1,677,8
14-11-2019,0.88,Bloodhound,1,0,72,16
11-9-2020,3.72,Octane,15,5,4354,12
13-8-2019,6.4,Pathfinder,2,0,286,4
2-1-2020,23.0,Wattson,17,4,3225,5
30-3-2020,2.07,Octane,5,4,1878,12
7-7-2022,4.72,Bangalore,1,0,206,13
9-3-2020,3.69,Valkyrie,8,12,2923,4
6-1-2020,20.54,Lifeline,4,4,963,4
21-10-2022,13.53,Revenant,6,6,2005,6
23-7-2019,25.58,Wraith,3,2,446,1
13-9-2019,9.34,Bloodhound,0,17,1475,19
11-3-2022,8.8,Caustic,0,4,606,14
19-9-2020,20.05,Wattson,5,10,1919,5
13-3-2020,21.91,Fuse,6,8,2159,11
2-3-2020,6.2,Gibraltar,2,2,612,20
2-5-2022,7.37,Rampart,2,3,827,4
13-4-2020,22.37,Bloodhound,2,2,262,5
27-1-2021,17.05,Rampart,6,1,1450,19
30-5-2022,25.55,Valkyrie,19,8,5264,16
18-12-2019,1.52,Caustic,5,13,2056,17
15-6-2022,13.94,Bangalore,11,3,2140,11
9-5-2022,26.3,Gibraltar,2,3,1030,19
19-6-2020,17.16,Pathfinder,1,2,520,11
24-4-2022,4.14,Crypto,2,0,131,7
14-6-2019,6.24,Lifeline,17,4,2061,7
3-10-2021,15.58,Revenant,3,2,653,8
15-6-2020,20.01,Lifeline,14,7,3444,13
19-2-2020,9.72,Fuse,16,12,3236,6
18-9-2020,9.7,Lifeline,3,5,1321,12
10-8-2022,27.1,Bloodhound,3,5,934,1
26-9-2021,14.64,Rampart,4,5,951,15
23-4-2019,2.21,Fuse,7,6,1803,17
24-6-2022,26.22,Mirage,12,5,2859,11
28-3-2019,2.87,Revenant,0,6,601,18
18-2-2020,7.15,Crypto,7,1,1822,2
14-12-2021,8.24,Lifeline,1,3,531,10
17-12-2020,4.86,Revenant,19,1,1911,5
25-5-2022,2.21,Lifeline,3,19,2968,12
25-3-2021,11.83,Wraith,3,1,420,17
26-10-2021,11.65,Octane,6,6,2227,17
13-11-2022,2.86,Pathfinder,10,6,1087,8
27-2-2021,11.06,Lifeline,11,5,1146,7
6-4-2019,18.06,Rampart,6,1,632,3
30-11-2019,11.64,Fuse,3,14,2331,3
24-7-2019,27.42,Mirage,2,3,381,15
2-6-2019,7.24,Ash,3,5,646,1
7-4-2020,4.1,Mirage,0,2,347,12
6-3-2019,11.91,Rampart,1,1,115,3
7-10-2019,27.03,Octane,14,19,6307,7
13-5-2019,12.18,Ash,3,4,418,20
31-12-2022,8.21,Octane,7,2,1483,12
22-3-2020,9.09,Bangalore,4,0,793,2
23-8-2020,29.0,Pathfinder,4,3,994,16
24-4-2021,1.72,Revenant,8,2,2166,14
6-2-2022,11.09,Wattson,4,6,785,2
25-12-2022,2.33,Ash,11,6,1958,11
9-11-2022,19.44,Lifeline,1,3,665,20
2-7-2021,7.59,Octane,4,0,687,13
19-9-2019,25.62,Rampart,5,5,733,6
9-9-2021,19.85,Ash,2,4,1012,6
24-6-2020,10.69,Gibraltar,10,1,916,2
18-5-2021,0.12,Octane,2,6,1402,3
4-11-2021,7.93,Ash,0,1,119,7
14-10-2020,6.56,Caustic,0,5,394,11
26-3-2020,24.17,Mad Maggie,10,13,4685,11
22-12-2021,25.65,Mad Maggie,6,2,836,19
11-6-2020,4.39,Wraith,0,3,317,9
24-10-2019,5.43,Crypto,0,8,1094,8
5-3-2019,24.17,Wraith,3,2,329,13
9-6-2019,10.59,Caustic,4,4,1622,15
15-12-2020,18.63,Ash,7,6,2388,12
1-4-2019,4.11,Wattson,3,0,700,1
20-5-2019,2.19,Ash,14,10,2161,15
19-8-2021,2.92,Crypto,7,4,1946,18
3-6-2019,16.82,Valkyrie,8,2,672,1
6-4-2020,14.93,Pathfinder,10,3,1500,11
17-8-2020,23.63,Gibraltar,3,6,956,4
10-9-2020,27.17,Octane,2,2,866,8
4-2-2021,24.68,Revenant,19,4,5187,3
5-4-2021,14.63,Ash,8,1,628,5
27-6-2022,27.15,Octane,6,7,2191,6
9-2-2019,6.01,Pathfinder,1,5,448,4
11-7-2019,17.2,Pathfinder,9,9,2748,2
30-4-2020,1.25,Crypto,9,3,1450,15
1-8-2019,2.57,Crypto,17,1,4098,20
6-4-2019,2.43,Mirage,1,3,745,5
5-5-2019,4.88,Wattson,15,0,3162,20
10-4-2019,5.41,Bangalore,0,6,574,8
16-5-2022,11.19,Bangalore,4,4,913,2
28-5-2021,13.0,Pathfinder,1,4,661,11
19-5-2022,5.47,Gibraltar,3,17,1470,1
12-4-2022,8.98,Lifeline,0,6,1161,6
21-3-2021,4.35,Fuse,9,1,1786,2
14-7-2021,6.65,Lifeline,0,15,1713,4
28-12-2021,25.77,Rampart,2,6,417,6
28-12-2019,0.96,Pathfinder,8,9,1816,14
25-10-2020,9.6,Rampart,5,5,786,4
17-9-2022,7.41,Wraith,6,1,1271,10
1-5-2022,29.59,Mirage,12,3,1083,3
7-7-2020,25.91,Lifeline,8,6,1184,2
27-12-2019,0.65,Gibraltar,13,0,1736,11
1-6-2022,29.27,Wattson,8,5,2855,14
27-12-2019,8.55,Rampart,0,0,0,16
29-9-2021,27.58,Pathfinder,2,11,1513,10
18-11-2021,6.43,Mad Maggie,16,4,2023,12
7-7-2022,28.04,Gibraltar,5,4,1933,20
5-7-2022,12.73,Revenant,1,6,835,16
9-10-2020,19.83,Lifeline,1,5,463,3
20-5-2019,17.69,Wattson,6,14,2072,6
3-3-2022,18.68,Bloodhound,3,11,1474,14
21-5-2022,26.14,Rampart,4,6,1607,13
1-1-2021,10.19,Bloodhound,5,5,1234,15
8-7-2020,26.34,Octane,6,18,1638,3
19-12-2021,10.07,Wattson,3,18,3015,15
18-3-2020,6.74,Ash,15,5,2522,5
13-2-2020,24.67,Fuse,10,4,2210,13
7-1-2022,11.77,Gibraltar,3,3,432,10
2-9-2022,6.94,Wattson,0,0,0,14
20-4-2019,4.02,Wraith,7,1,778,16
23-2-2021,17.27,Wraith,8,10,3330,8
11-11-2019,23.03,Revenant,5,2,493,11
2-3-2019,27.45,Mirage,10,14,1822,13
16-12-2020,1.49,Lifeline,15,5,1367,20
1-5-2022,14.9,Pathfinder,3,9,2080,8
12-11-2020,21.52,Pathfinder,17,7,3250,18
1-3-2020,29.2,Bangalore,2,2,783,4
23-4-2021,24.31,Valkyrie,2,3,300,8
10-3-2020,10.18,Ash,5,16,2184,16
2-5-2022,23.53,Lifeline,3,10,2221,9
14-5-2021,3.32,Wraith,0,6,994,14
4-7-2022,23.26,Pathfinder,3,13,1656,13
19-12-2019,16.29,Wattson,4,14,3630,4
27-11-2022,29.6,Mirage,13,5,3433,7
26-2-2019,21.95,Valkyrie,9,2,719,15
15-11-2020,27.91,Gibraltar,6,3,1415,7
8-10-2020,16.29,Octane,6,1,680,5
9-2-2020,21.32,Bloodhound,4,9,1528,4
27-3-2021,6.36,Bloodhound,8,1,1072,16
18-8-2021,22.58,Ash,6,2,471,12
22-12-2019,15.36,Gibraltar,5,2,1134,20
26-4-2019,16.33,Gibraltar,8,5,1285,7
5-8-2020,19.46,Wraith,4,3,1472,11
6-3-2022,24.64,Octane,16,5,1749,12
13-2-2020,15.91,Rampart,9,1,1455,2
12-12-2020,29.72,Mad Maggie,5,3,731,19
17-2-2021,29.42,Pathfinder,2,11,728,5
26-6-2020,1.33,Crypto,4,4,1271,8
21-3-2019,28.96,Mirage,14,11,1561,9
11-4-2022,22.33,Gibraltar,4,19,4139,6
11-6-2020,18.21,Crypto,2,6,1384,10
29-5-2020,0.36,Lifeline,4,1,1123,20
18-6-2019,2.57,Mad Maggie,6,1,1442,15
20-4-2020,5.51,Octane,3,0,521,11
23-2-2019,8.61,Crypto,0,2,143,15
20-1-2022,14.54,Bloodhound,15,5,3302,16
2-4-2020,23.9,Rampart,2,2,834,10
14-4-2021,19.47,Crypto,4,6,1289,3
14-9-2022,2.37,Revenant,0,10,1103,19
26-10-2021,15.78,Wattson,9,9,1807,18
26-5-2019,8.29,Bloodhound,1,6,1274,15
25-11-2020,17.15,Ash,4,10,1939,15
14-8-2019,28.0,Wattson,8,6,1841,2
21-6-2019,17.84,Crypto,1,20,3736,20
19-1-2021,26.79,Lifeline,4,5,524,17
8-4-2020,10.6,Bloodhound,16,5,4518,9
5-1-2022,18.69,Bangalore,4,4,929,11
14-12-2021,2.06,Wattson,8,8,943,16
19-2-2019,5.58,Gibraltar,5,1,518,3
25-11-2019,8.93,Octane,0,1,115,10
16-2-2022,27.99,Fuse,5,2,1172,15
10-11-2020,20.11,Fuse,3,2,723,14
28-12-2021,24.45,Lifeline,2,5,453,11
15-2-2020,22.93,Crypto,7,2,754,18
25-12-2021,28.59,Crypto,3,8,2201,20
3-2-2020,8.92,Ash,4,4,1019,10
13-8-2020,20.3,Revenant,4,8,754,6
20-1-2021,12.85,Gibraltar,11,2,1997,14
7-9-2020,19.79,Wattson,2,5,676,14
6-6-2021,8.54,Wattson,1,5,776,5
24-8-2020,0.97,Valkyrie,1,3,495,11
8-8-2020,0.51,Pathfinder,17,8,1962,15
26-7-2020,13.51,Wattson,4,3,1285,17
10-2-2020,19.55,Revenant,6,3,696,4
11-9-2020,18.23,Bloodhound,5,8,1844,14
29-3-2019,15.49,Mad Maggie,4,1,398,14
22-9-2022,2.96,Bloodhound,1,4,928,18
11-4-2021,3.49,Fuse,4,1,368,4
17-12-2021,3.83,Fuse,12,0,2480,14
3-10-2022,10.97,Mad Maggie,13,2,1335,6
15-4-2022,3.41,Gibraltar,6,2,825,18
17-4-2021,19.77,Pathfinder,19,1,2882,6
26-11-2019,22.79,Lifeline,2,2,589,12
14-2-2019,6.97,Pathfinder,5,6,2164,3
5-8-2021,26.23,Octane,4,6,1183,7
16-7-2020,24.62,Wattson,3,12,2893,15
21-5-2019,7.71,Ash,0,7,1015,19
12-1-2021,20.22,Fuse,4,2,1136,9
1-11-2022,17.17,Valkyrie,2,3,329,14
23-2-2021,5.01,Bloodhound,3,0,220,4
5-9-2021,4.4,Ash,4,2,657,7
3-7-2021,3.8,Wattson,3,0,172,13
29-7-2021,7.15,Mirage,1,8,1423,3
11-4-2022,22.92,Crypto,7,3,1214,7
3-9-2019,2.92,Fuse,9,5,1995,17
9-11-2020,5.56,Revenant,5,0,786,19
13-7-2021,10.46,Crypto,8,5,1359,16
17-1-2022,28.17,Gibraltar,7,7,984,12
13-8-2020,0.12,Crypto,2,0,343,17
8-6-2020,7.0,Lifeline,10,11,3634,18
25-4-2021,17.88,Bangalore,16,16,4272,9
13-7-2022,5.39,Ash,0,13,1714,16
29-6-2019,19.16,Bloodhound,1,6,1032,10
20-10-2022,13.14,Bangalore,1,1,336,20
27-1-2020,23.26,Octane,5,4,1632,7
8-12-2021,25.69,Gibraltar,2,2,309,16
21-1-2021,28.1,Revenant,2,12,2366,2
29-5-2022,19.23,Rampart,6,2,1720,12
18-2-2020,0.05,Mad Maggie,5,0,550,8
18-12-2019,14.07,Wattson,10,3,1920,17
30-7-2020,19.22,Valkyrie,11,4,1295,3
13-9-2022,23.61,Rampart,18,16,5338,10
6-8-2021,18.06,Octane,8,2,2236,15
15-5-2021,3.63,Pathfinder,3,7,1655,7
4-7-2020,28.73,Ash,15,12,2580,8
17-9-2019,28.75,Bangalore,15,2,3770,10
15-5-2020,0.04,Pathfinder,1,8,753,13
8-1-2022,20.74,Wattson,14,4,1415,17
5-3-2022,6.41,Crypto,0,1,86,12
26-10-2022,19.93,Bangalore,13,9,1673,4
15-11-2020,8.91,Lifeline,0,0,0,6
9-2-2021,3.16,Caustic,0,6,313,12
4-12-2020,0.84,Bangalore,1,1,388,18
20-4-2019,24.11,Fuse,4,20,1992,2
14-12-2020,12.93,Ash,10,1,1451,4
22-7-2022,1.38,Gibraltar,3,9,1411,4
14-9-2022,20.64,Crypto,4,5,1373,16
2-10-2019,17.37,Caustic,1,6,488,13
27-2-2020,6.54,Ash,3,6,768,6
16-3-2022,9.39,Mirage,0,0,0,5
10-10-2021,21.68,Crypto,10,3,2768,1
29-5-2021,27.77,Bloodhound,12,2,1920,13
29-3-2022,1.06,Valkyrie,1,0,133,18
15-6-2019,14.05,Fuse,14,5,1603,3
26-1-2021,19.94,Lifeline,1,15,1761,13
12-5-2022,14.93,Crypto,12,9,3156,10
10-5-2022,26.86,Bloodhound,2,9,1069,7
17-11-2022,0.87,Wattson,5,7,765,6
23-11-2020,5.78,Rampart,16,7,2533,15
20-3-2019,10.98,Wraith,7,12,1487,4
5-2-2022,20.14,Crypto,10,4,950,6
12-10-2019,5.84,Revenant,11,0,715,12
26-9-2020,23.11,Valkyrie,11,2,1120,15
15-4-2021,6.43,Pathfinder,17,3,4033,5
7-8-2021,18.06,Mad Maggie,10,9,2163,19
3-6-2021,10.44,Gibraltar,6,6,1785,20
17-4-2019,18.84,Valkyrie,8,4,1500,4
8-6-2022,18.73,Bloodhound,6,16,1394,3
26-9-2019,3.54,Lifeline,9,14,1691,6
31-5-2021,22.24,Pathfinder,5,13,1250,11
21-10-2020,12.67,Lifeline,10,2,1182,17
22-7-2019,21.22,Revenant,5,4,1594,7
15-12-2020,0.23,Bangalore,5,15,3036,2
18-8-2022,14.8,Octane,6,2,1529,1
3-11-2019,14.36,Bangalore,7,8,2729,6
2-2-2021,17.98,Ash,2,6,798,1
4-9-2020,27.54,Mad Maggie,14,7,4237,13
6-6-2022,23.3,Caustic,4,3,1393,14
6-2-2021,27.9,Gibraltar,13,2,3144,8
26-9-2022,0.56,Valkyrie,4,14,3535,14
